1643040691113852930
1643048898162835459
1643051205290086400
1643053655598194688
1643054895929360385
1643055143913418752
1643055303213334528
1643055727122980865
1643055728523898880
1643055726615486464
1643055742335721473
1643055756902825984
1643055756340592641
1643055754491084803
1643055769955315712
1643055774950670338
1643055781372129281
1643056897858183170
1643063168594321411
1643070640843358211
1643070824000425984
1643070826579918848
1643070827963850752
1643070829620772865
1643070832586145792
1643070830258028545
1643070834746232832
1643070847962460160
1643070854060732418
1643070862164377600
1643070860406804480
1643073321028976641
1643077646803189763
1643079642990141441
1643080567712370688
1643082801489559552
1643082807743328259
1643084661118099462
1643085147665997824
1643085147665997824
1643085706032746497
1643085939722297345
1643085942847074307
1643085947200741377
1643085950438854656
1643085949851557888
1643085956780552193
1643085965014208512
1643085973624856578
1643085978301784064
1643085981372022785
1643086806127357952
1643090606892236801
1643091082765377536
1643094197589753856
1643098480376684545
1643099464280801281
1643101042282754048
1643101041477427201
1643101051615342593
1643101050788884480
1643101054765080578
1643101065821442048
1643101066207035394
1643101071101796354
1643101079721201666
1643101078496616449
1643103342053273600
1643104012634341384
1643105921030057985
1643107849147682816
1643108484160864256
1643109725100277760
1643115292338401280
1643116154620375041
1643116160236363776
1643116163310780417
1643116165642743808
1643116165361815554
1643116168192958464
1643116170135080960
1643116179710459905
1643116179555340289
1643117063752282112
1643119221251997698
1643122468670906368
1643123656275423237
1643128211692216320
1643128360007090177
1643129242039853057
1643129732559523840
1643130254221881346
1643130270919323649
1643131254416584705
1643131266622013440
1643131266391322625
1643131268299726848
1643131271990718469
1643131276298256384
1643131279603318785
1643131277288022016
1643131278324121600
1643131322594885633
1643131368421965824
1643131600744460289
1643131888478097415
1643132782154076160
1643134754017902592
1643134823169400832
1643137868443926531
1643142688139538432
1643142872684691456
1643143118579982339
1643143987769819136
1643145296451452928
1643146314299895808
1643146316858503170
1643146319425404930
1643146333925122048
1643146341747658752
1643146345568522240
1643146349972537344
1643146352141156354
1643146360693161985
1643146368041484290
1643146997883437056
1643149205626552323
1643150889392254978
1643155760740704258
1643156970575130624
1643157862699393029
1643159287102083072
1643159426201800705
1643160399976513536
1643161441846063104
1643161446031716352
1643161449152278528
1643161454349041664
1643161451157389313
1643161454403624960
1643161458346463232
1643161469867917312
1643161480030822400
1643161479686807553
1643161485420445697
1643161983636709378
1643162318749208581
1643165476933992448
1643170580789702656
1643172882950791171
1643173583592755200
1643174116999188482
1643174550425722881
1643174990840320000
1643175597873430531
1643176533144612864
1643176530820882434
1643176542044864512
1643176547149561856
1643176552673181696
1643176555038769154
1643176565411561472
1643176568926220288
1643176573774835714
1643176576593395714
1643178655110119426
1643180276409856002
1643180716597866496
1643183862946856960
1643191367433109507
1643191649768558594
1643191653459456008
1643191653128175616
1643191656446062592
1643191654428594177
1643191658236850181
1643191666260561922
1643191668315680769
1643191672346386434
1643191678478450691
1643193100708315138
1643195834417250304
1643198153401794560
1643198538887602177
1643198644965744640
1643198869574959106
1643203254132539393
1643203996197289985
1643205830123089920
1643206122185056257
1643206390469603329
1643206713842053121
1643206759404765184
1643206759383810051
1643206768296599553
1643206769210974211
1643206767222968321
1643206773703327747
1643206771278856192
1643206770804903936
1643206777104736257
1643206774835773440
1643207523455868928
1643209609174298624
1643209815752048640
1643210418364579840
1643211005235806212
1643212778906288129
1643214246245703682
1643214633321340930
1643215115158802432
1643215456260481026
1643216593868996608
1643216607827599362
1643217933668175872
1643218166963748869
1643221549296615424
1643221852460924928
1643221849667403776
1643221853652021248
1643221857422778368
1643221864355975169
1643221863479365638
1643221862653075456
1643221871217786880
1643221877937123329
1643221876028653569
1643222210927030275
1643222623206223874
1643224339142127616
1643224612082274304
1643224612082274304
1643225251520577536
1643227232901513217
1643229580461735937
1643229834984800258
1643230261050503168
1643231030986391553
1643231300587868160
1643231620147576832
1643231958883770369
1643232669130534912
1643233580351475712
1643233624546787328
1643233860086292481
1643234273363648513
1643234602658430979
1643235499748851712
1643235532808306691
1643235809888272384
1643236221722800128
1643236265863663616
1643236404183416833
1643236494423760896
1643236874255843328
1643236964512980993
1643236964420681728
1643236967822372864
1643236973014925312
1643236971005845506
1643236970867437568
1643236976986927104
1643236975376302087
1643236974059241473
1643237028082122752
1643237206121644033
1643237434325344256
1643239275960623104
1643240623464501248
1643240625809047553
1643240628237549568
1643240628237549568
1643240999584428033
1643241050390118400
1643241127309344769
1643241205575106562
1643242051771793409
1643243537503248384
1643243645401808897
1643244568396062720
1643244582442811392
1643246468495548419
1643246514091728906
1643248209513398274
1643248769645903873
1643250582243758081
1643250612266491905
1643251260747923458
1643252031136702467
1643252062543663105
1643252062086414337
1643252061784399872
1643252066796687361
1643252065534197760
1643252065278521344
1643252071708393472
1643252075042684931
1643252074967072771
1643252073344167936
1643252116138479616
1643252162615472128
1643253120405839872
1643254242910654464
1643254351333343232
1643254633392119808
1643255127560658946
1643255320414658560
1643255736145702914
1643255882455588864
1643255882455588864
1643255882455588864
1643259292454191104
1643260208037109760
1643261008037789697
1643261730167078913
1643262356468690945
1643262472135102464
1643262585473585152
1643263088244715520
1643263410920910851
1643264655333154819
1643265221799157760
1643265302862462976
1643265923879403520
1643266925852778499
1643267168245620739
1643267172230103042
1643267171961782273
1643267171861028866
1643267171760627713
1643267169034141698
1643267175095074816
1643267173924716544
1643267173136121858
1643267246343462913
1643267438228783106
1643267560199143425
1643268069987348481
1643268536440070150
1643268769383325697
1643269101874184194
1643269314466791424
1643270652202237953
1643270652202237953
1643270652202237953
1643270652202237953
1643270652202237953
1643271696860823556
1643272337062502400
1643273210107150337
1643273388595503110
1643273938150084609
1643276835122233346
1643277485667229696
1643277904493805570
1643277973708066817
1643279286495846402
1643281068659712001
1643281944027836416
1643282064362405891
1643282262962601991
1643282260966219777
1643282259636518913
1643282259590664192
1643282259514990594
1643282266963996675
1643282266947457026
1643282268444667905
1643282275197386754
1643282273934901250
1643283557043908609
1643283892529397760
1643283892529397760
1643284590277083137
1643284737815896069
1643284824235429891
1643287053201702912
1643287365643821066
1643287407654043648
1643288064037646336
1643289438917652480
1643289460774166532
1643289460774166532
1643290467985940482
1643290748702318598
1643290773180276744
1643291376052756489
1643292043475660801
1643292167446888448
1643292240737980416
1643292613016010752
1643293305428402181
1643294365169639438
1643294373633744920
1643295480909115393
1643295968299737093
1643296415886475266
1643296518126854166
1643296958533214208
1643297318366502915
1643297369809641477
1643297370472415232
1643297373974568962
1643297373051838481
1643297372800180243
1643297375539060757
1643297372401721358
1643297374310129684
1643297373249220608
1643298289595342862
1643298748825587712
1643299554073124864
1643300409522413604
1643300484315316224
1643300563210100736
1643300577554620424
1643301580693991424
1643302094445633548
1643302398960492558
1643302772853334043
1643302792189075476
1643302838364168217
1643302839907696641
1643304524935749632
1643305041351041041
1643305075626893320
1643305075626893320
1643305128961662981
1643308084033363992
1643308774596157454
1643309963714912256
1643311595756322818
1643311965303873555
1643312405072453644
1643312461322264587
1643312462043684865
1643312465055461382
1643312464560287744
1643312470231076864
1643312468800708620
1643312467861286913
1643312472877572096
1643312474865774593
1643312528506716160
1643314687134556160
1643315429530816513
1643315564176109575
1643317985413681153
1643319988076392449
1643320234047094786
1643321102620409857
1643322229331984387
1643323242583662602
1643323807896051713
1643324019028967431
1643324091561115649
1643324689513869313
1643325264150110209
1643326067007004677
1643326839912378368
1643326839912378368
1643327544656101377
1643327542051450886
1643327545729794051
1643327551094554625
1643327550700101632
1643327564721602560
1643327562335100929
1643327568224067584
1643327567275884551
1643327571138949120
1643328016594903040
1643331616587014145
1643332409822261250
1643332839704784903
1643332955698331650
1643333918547132416
1643335314067292162
1643335326897692672
1643336425323069445
1643340029647806464
1643340892869099523
1643342652832661506
1643342650441908226
1643342655298863106
1643342653495341060
1643342662374768643
1643342668884238338
1643342667563032576
1643342667395334149
1643342671740641284
1643342670503493632
1643343199321161729
1643343199321161729
1643343767187996676
1643343934364450816
1643348223543631874
1643348980003225600
1643350487951978497
1643350683272245249
1643352519639171073
1643353588583006208
1643354152335204352
1643354618116870146
1643355439781015554
1643356767722643456
1643357752448761862
1643357750007681031
1643357751974719488
1643357751480045568
1643357755493822465
1643357754101227520
1643357759516073986
1643357757393780736
1643357768085127170
1643357767842041857
1643357767418118148
1643357957164511232
1643358221678288896
1643359950482055168
1643361473282842624
1643362468666720257
1643366846282825729
1643367356457013248
1643368101134598145
1643368168004493314
1643369368280002560
1643370286476152833
1643371736073662466
1643372066765193216
1643372749354672128
1643372849380376577
1643372855671881729
1643372855722225664
1643372859123724288
1643372857332756481
1643372861455839236
1643372871002079235
1643372868955242496
1643372870595235841
1643374724146253828
1643378432074559488
1643380410439675905
1643380501804199937
1643384641116684288
1643385360196435968
1643385971340201988
1643385980324306947
1643386856090877956
1643387102615273472
1643387855073361923
1643387923105222657
1643387931455881219
1643387940448468993
1643387953501163523
1643387952725393408
1643387951823433728
1643387964183945216
1643387962615291905
1643387970626437120
1643387969238097923
1643390120094212097
1643392912250552320
1643395473657438208
1643399543344758784
1643399812446928896
1643403000617238529
1643403015896875012
1643403022406393858
1643403042933338113
1643403049325543424
1643403049204072448
1643403047777730563
1643403056426409984
1643403068296384516
