1648115876959223818
1648117186383294464
1648119752806522882
1648121161560084481
1648123602716246019
1648124569360945152
1648129165533626368
1648129170432577536
1648129172022099970
1648129179580346369
1648129180540846082
1648129184659648513
1648129194411393024
1648129203886276609
1648129209603092482
1648129211939319809
1648129217123745794
1648129433918644225
1648130169629208576
1648135519237476353
1648137950826500096
1648137965703405570
1648138682904244228
1648139411299631105
1648139594406285312
1648141198673035265
1648141355737047041
1648142163476377601
1648144266953388037
1648144263438389260
1648144263270604801
1648144270912528384
1648144274276352000
1648144277288124417
1648144281763303425
1648144281297641481
1648144298313916416
1648144301132775424
1648144316915744770
1648146101512417281
1648146101512417281
1648150303785492482
1648152322730491906
1648153129538715648
1648153808650772480
1648154140311429121
1648154317302685696
1648157008938319873
1648157056233291776
1648159352472186880
1648159363490619394
1648159383166287872
1648159387536744448
1648159391000981509
1648159392469069826
1648159400136257541
1648159408185307136
1648159405131677698
1648159509251239936
1648160463958740992
1648161163866144769
1648164055797104640
1648166117612072960
1648169392092348417
1648170470070517768
1648172690434301952
1648173774632628225
1648174416617152514
1648174446744682496
1648174471197630464
1648174475706519552
1648174479103623171
1648174489664929792
1648174493343547392
1648174497940541440
1648177645564350464
1648179830897123329
1648181899318157312
1648182041672810497
1648182716062367746
1648182716062367746
1648182716062367746
1648182716062367746
1648183589266137090
1648185194459942912
1648185302635237378
1648185670064644101
1648186337927856130
1648186597882609664
1648187962541080577
1648189551087607809
1648189565583368193
1648189572298276864
1648189575108460544
1648189578581274625
1648189584717795328
1648189590140858371
1648189597388623872
1648189599414620160
1648189604959338497
1648189876582629377
1648189879073767425
1648195011249414145
1648195181756260352
1648195644203450368
1648197413495095297
1648197458038595584
1648197896586551296
1648198371721584640
1648198530258071554
1648198842385416194
1648200246911008768
1648200281925009408
1648200296902938631
1648200692656656385
1648200995833278464
1648201468804210688
1648203255925579780
1648203498385973248
1648203566689943556
1648204283781820417
1648204386550575104
1648204460488024064
1648204649059561472
1648204648946253826
1648204658001821698
1648204664096141314
1648204672723763203
1648204675013828608
1648204676419170306
1648204692596432896
1648204696597716992
1648204746379935745
1648206348629209088
1648206502908272640
1648206905943154688
1648206963237330947
1648207625887141888
1648208015302991872
1648208328915296258
1648210596297318400
1648210789663227904
1648211270233907200
1648211394737864706
1648211464199733250
1648212089595363328
1648212264300974081
1648214849116073985
1648214873933848576
1648215295142645760
1648215339623145473
1648216087027236865
1648216404372455426
1648216467777765376
1648216821047218177
1648216976542646272
1648217190519193600
1648217903282438145
1648219779784667137
1648219785539338241
1648219792506261504
1648219797165932546
1648219801297248257
1648219799309172745
1648219799154229249
1648219805189586945
1648219805390974976
1648219805525082115
1648219872160038912
1648220885751414788
1648220889396260864
1648221505518551040
1648221542352920577
1648224180129910785
1648224644116144128
1648225159436984322
1648226153046441984
1648226965978071041
1648227580363919363
1648229392051494913
1648230465105539074
1648231162962141184
1648231988774715393
1648232122463780866
1648232395991052293
1648233206439727104
1648233431069753344
1648233677481025537
1648234089336516608
1648234893090889728
1648234893975986177
1648234893825003522
1648234898598027264
1648234903572455424
1648234903551500288
1648234907473174528
1648234906579812355
1648234909448695809
1648234906772725760
1648236700315910145
1648237019548491777
1648237328786411522
1648237328786411522
1648237421140627459
1648237541102092289
1648238132909711360
1648238309003472896
1648238549869666309
1648239082173087746
1648239632553746432
1648239758382964736
1648240217353011202
1648241200996950018
1648241214284595200
1648241946068934656
1648241946068934656
1648242379344805890
1648243199272534017
1648243199272534017
1648243479691010049
1648243567092023296
1648244192332660737
1648245183606038529
1648245640193794049
1648245792602300416
1648246024316805123
1648246198116179971
1648246238163226624
1648246533626929153
1648248006548893696
1648248310585499650
1648248423567486976
1648248521923936256
1648249099232133120
1648249156710854659
1648249554423226369
1648249808472162304
1648249963183239171
1648249961023168513
1648249977070657536
1648249985111056391
1648249992593940481
1648249990727254016
1648249992254050304
1648250009677119489
1648250007361929223
1648250767554248704
1648251000950587394
1648251144718753792
1648251396213338112
1648251439674687489
1648251442774286339
1648251445974642689
1648252054496788482
1648252084607655939
1648253278394753026
1648253588286603264
1648253739038388229
1648254266858172416
1648254521838010369
1648254851657224193
1648255230071681024
1648256210959847427
1648256960033062913
1648258276381925376
1648258764095496195
1648258815282798593
1648258815282798593
1648260395713572865
1648260477984669702
1648260832139018242
1648260836417306627
1648260881187328002
1648261009998778368
1648261051954376706
1648261430947328002
1648262212408995840
1648262628249051137
1648263641437798400
1648263791384182784
1648263916085035009
1648264023207444485
1648265070546395138
1648265068805779456
1648265073453039619
1648265077231955968
1648265080205725696
1648265100711829506
1648265098446753795
1648265103177834514
1648265109079224320
1648265106969485314
1648265112568971264
1648265433953325056
1648265613964451840
1648265794151653378
1648265794151653378
1648266804412776450
1648267256839675904
1648268079510740992
1648268505228410882
1648268597196644352
1648269270940352513
1648269299729985537
1648269544077635586
1648269567905374208
1648269611295539201
1648269933527089152
1648269933527089152
1648270030813929472
1648270680197337088
1648270853493125121
1648271970864340999
1648272172761370624
1648272660902850561
1648272798014398464
1648272938116734977
1648273029342932992
1648273216920600576
1648274374405832704
1648274762899107840
1648275733419098113
1648276413860986880
1648277050199769088
1648277305117081602
1648277524760125441
1648278191658639367
1648278552897523713
1648279785464819715
1648280094765400072
1648280159303106561
1648280164130856963
1648280169398804481
1648280167616327681
1648280167054180353
1648280171693195265
1648280190508728320
1648280193784528899
1648280203376967683
1648280201145589765
1648280209853153281
1648280382692003841
1648280417995223041
1648281206482403329
1648282204575875073
1648283078698098691
1648284092545261572
1648284460381511680
1648285252555603968
1648285758912880640
1648286769270407169
1648288650029944834
1648288661199368203
1648288859858391040
1648289086224859137
1648289086224859137
1648289086224859137
1648289584848031747
1648289735566082049
1648289831955431426
1648291586692743169
1648291833397518337
1648291837168197633
1648291913546489856
1648292164068073472
1648292576091414528
1648292959253671936
1648292989934895105
1648293514369810432
1648293592207638528
1648293781551353857
1648294567006076928
1648294581467770881
1648294845755146240
1648295281027424261
1648295289617276929
1648295288027709445
1648295298697949187
1648295299348086785
1648295307740848130
1648295306339966979
1648295305677250560
1648295304389591042
1648295304205049857
1648295319447257089
1648295439861534722
1648295590533681153
1648295927478644737
1648296258677665792
1648298395507871744
1648298807724220417
1648300030577737734
1648300561249320962
1648301421698203649
1648301855594651648
1648302162298957826
1648302600570257409
1648302859031592961
1648302858843095042
1648302876903473152
1648303089324097536
1648303419529089024
1648303774979751939
1648304224655101952
1648304370755182594
1648304378862813185
1648304428930199557
1648304851246301184
1648305359109652481
1648306715920572418
1648307822998986752
1648308158631227393
1648308442753568769
1648308818059886593
1648309039284228096
1648309086859952128
1648309185145196544
1648309251956146177
1648309691313799168
1648309867906494464
1648310017471160321
1648310370484776962
1648310382144913410
1648310391192076295
1648310392869867521
1648310398918201346
1648310398725115904
1648310398364295168
1648310395407417347
1648310403087187969
1648310403162681346
1648310404773281794
1648310570699849729
1648310955233640449
1648310955233640449
1648311753153937408
1648312188124143618
1648312228557254656
1648312942452961281
1648313636450885634
1648313872569466880
1648315640355389441
1648316140895055874
1648316358252285953
1648316498132316160
1648317220265644033
1648317617923411969
1648317858017865730
1648317962863144962
1648318556277186561
1648319114203496449
1648319313403584513
1648319655201894400
1648319731538055168
1648319977827581952
1648320193330905088
1648320302563074048
1648321803792830465
1648323707214123008
1648324075314454528
1648324199306633222
1648324786458591232
1648325202969862147
1648325417831415808
1648325421438492672
1648325456398020609
1648325454166720516
1648325465638326273
1648325471577202688
1648325471103332356
1648325470377615360
1648325474282774528
1648325480368553985
1648325497900736512
1648325503986855936
1648325526002573312
1648325891112534017
1648326263805997056
1648326276648783873
1648326371075137541
1648326621487681540
1648326694133014529
1648328051686604802
1648328298743709697
1648328342427566082
1648328369631576065
1648328528373379073
1648329001675509761
1648329742322475008
1648330521515106306
1648330710581669888
1648330898650066944
1648331219757670401
1648332070165401600
1648332387405684737
1648332398013169666
1648332903988838400
1648333425622016002
1648333986916188160
1648334031803564037
1648334605110456321
1648335066961965058
1648335249011617793
1648335277897793540
1648336042943021058
1648336470837526528
1648336889697517571
1648337466477117440
1648337800301891584
1648337820698697729
1648338373478629378
1648338866623979525
1648339301774532609
1648339392518406152
1648340555431124993
1648340557528289280
1648340562158788612
1648340568408305664
1648340574036975619
1648340580223647745
1648340578663317504
1648340591690801152
1648340594903642113
1648340602495328256
1648340599722987520
1648340604072624128
1648341295427887105
1648341343784034305
1648341918215024642
1648341918215024642
1648342203364777989
1648342294850949123
1648342294850949123
1648342507393040385
1648342507393040385
1648343196596940801
1648344147491966979
1648344321811202049
1648345455389024257
1648346899273900034
1648348159167348739
1648348366215032840
1648349222142394370
1648349984423661569
1648350954616487938
1648351214080344067
1648351299098779652
1648351317247524865
1648351456620167169
1648351689475235844
1648352057823248388
1648353294337581058
1648354327038402560
1648354836079943682
1648355624403587074
1648355683367092227
1648355682188689408
1648355688337293314
1648355691847901184
1648355691558588418
1648355689989808130
1648355699561308162
1648355706012090374
1648355704435011584
1648355708285620224
1648355713612218372
1648355830821974019
1648355985797332993
1648356875694424067
1648356872712339459
1648356878693330949
1648357185158541321
1648357360371466241
1648357815398944769
1648357818544668672
1648357879714390016
1648358064335073281
1648358192680783872
1648358354543149058
1648358379708973057
1648358724841398272
1648358873877606408
1648358879594414082
1648359117654835203
1648360168990601217
1648360358787031041
1648360358787031041
1648360376692621315
1648360736131887108
1648361008971276288
1648361008971276288
1648361200776888331
1648361235023380486
1648361588016005132
1648362565305618433
1648362610939641864
1648362866662047744
1648363817410129920
1648364507171811330
1648366941512384515
1648367298414284803
1648367471378808845
1648367778292809731
1648368085617745920
1648368950642655237
1648369880448614416
1648370030956933120
1648370264403591182
1648370266341359619
1648370287283519498
1648370376949350406
1648370556134211602
1648370663596474398
1648370775295135745
1648370773801795584
1648370788129726466
1648370790692274192
1648370795322785795
1648370801358389251
1648370799588392985
1648370801228300288
1648370800053960725
1648370805590441990
1648371116493225987
1648371191730647041
1648371210722459660
1648371229047373839
1648371246659256335
1648373269530132486
1648373556479246384
1648373851816960000
1648374195196231680
1648374580677951522
1648375155297599500
1648375632894607365
1648375646383665152
1648375841863106560
1648376477463855105
1648376477463855105
1648376489379766273
1648377211643215872
1648377487724888065
1648377635704127493
1648377893754486786
1648377893754486786
1648377970816614400
1648378358278008832
1648378694765887511
1648378984718123021
1648379105996423186
1648379105996423186
1648379693111054337
1648380290300100628
1648381458573299713
1648383042405187585
1648384109432152064
1648384853706940424
1648385375058944003
1648385878685892610
1648385884159352839
1648385883861655552
1648385890463649793
1648385894192218114
1648385895828013056
1648385901045731328
1648385899430916100
1648385897413394432
1648385903985844225
1648386533181857792
1648387337024315406
1648387929323065344
1648387979491024908
1648388494878801921
1648388557147459584
1648388767072370690
1648389223483834368
1648390082955452433
1648391238012338177
1648392835316748288
1648392918388953088
1648392952643813378
1648393047967772673
1648393577670516736
1648393618262990849
1648394501466234880
1648394702696136704
1648395602751791121
1648395798168608771
1648397096469274651
1648398456241659904
1648399080429592615
1648399132757991424
1648399392280391680
1648399902945468416
1648400617575190528
1648400622570602497
1648400954054836224
1648400957879771139
1648400954914492416
1648400969745711105
1648400975172976641
1648400986380152832
1648400985159499776
1648400991086161920
1648400993254514688
1648401003530661889
1648402483817984005
1648403060958412803
1648404616671838214
1648406180035985408
1648407493947604999
1648407499148607491
1648407503678341125
1648408725919526912
1648409087900516352
1648409112479244291
1648410782219264003
1648411720845611010
1648411720845611010
1648411855923318784
1648412110521597952
1648412320895254530
1648412485366562816
1648413439830773760
1648414241215455234
1648415375678140416
1648416037032071168
1648416091553640448
1648416090815332352
1648416093923598336
1648416092535095297
1648416099849969666
1648416099807969281
1648416099975806978
1648416104115576839
1648416103847133184
1648416100978245634
1648417206357639172
1648417398066913281
1648418225158324225
1648418860196937736
1648418979277586434
1648419054816772098
1648419559379197952
1648421206083895298
1648423038965411843
1648425059990765569
1648425204664893440
1648425827351269376
1648427582394880002
1648427680113790976
1648427935425269760
1648428081819037696
1648428181190475776
1648428447499423745
1648429067199471617
1648429430514286593
1648429459836649474
1648429673276395521
1648429679706243073
1648429683439194113
1648429688875003906
1648429834530615296
1648430017234489344
1648430944767082496
1648430983774081024
1648431178129764359
1648431178377224193
1648431183804649472
1648431183724949504
1648431183183896576
1648431196555337728
1648431196978937857
1648431200636399621
1648431199944323072
1648431202712580097
1648431809200553985
1648431825365393408
1648432385267240964
1648432408499486720
1648432531988172800
1648433521147666432
1648434427687763968
1648436912879964161
1648437200160169984
1648437251259650054
1648437251259650054
1648437445783089154
1648437614461194240
1648437614461194240
1648438167153053703
1648438530643984386
1648440573253287937
1648440962224648192
1648441085046448135
1648441096845021184
1648441915912880129
1648441915912880129
1648442134041853962
1648443087218442242
1648443137009008642
1648443859666599937
1648445449953771521
1648445594736934912
1648445944365748230
1648446197999489025
1648446196338556928
1648446200931311619
1648446206522302465
1648446232497651715
1648446247936856064
1648446249715273729
1648446260763058176
1648446289464676352
1648446300478918658
1648447350250307587
1648447375072190464
1648449388552024068
1648450950053625857
1648451538082488323
1648453793800159236
1648456054756487172
1648458750506975232
1648458750506975232
1648459436158238722
1648460108182228993
1648460569031376956
1648461352598667264
1648461353626251267
1648461362769850370
1648461366976724992
1648461373301727238
1648461379022757890
1648461389995077636
1648461391542779904
1648461393484718083
1648461400346591237
1648461597155938306
1648461668060663809
1648461668060663809
1648463169151721475
1648468838332387328
1648471609781673984
1648472572697395201
1648472747906056195
1648473561856892931
1648474456036364291
1648474623301013506
1648475020358979584
1648475027325743104
1648475027149406208
1648475027149406208
1648475287250939905
1648476129316196356
1648476418043695107
1648476419398467584
1648476423773102082
1648476436368621568
1648476442181931009
1648476449043808256
1648476448620179459
1648476466223681539
1648476469742686209
1648476488453472263
