1644496175867785217
1644497406992564224
1644498044115910656
1644498718601691140
1644505260176867328
1644505268296855562
1644505275578081280
1644505286026166275
1644505302371319810
1644505304241930240
1644505320738136065
1644505327348400128
1644505330246664193
1644505334466195458
1644520299709202433
1644520310408982528
1644520320857157632
1644520331984379907
1644520350527438851
1644520375634522112
1644520384190902274
1644520410157809665
1644520416189333506
1644520431301345280
1644525906256449538
1644535466690052097
1644535466056712196
1644535475074486274
1644535487955075075
1644535498612899841
1644535501662158848
1644535506934325249
1644535511283802113
1644535518149967872
1644535532913844230
1644540465067474944
1644540831901290496
1644547182836498432
1644548763787182081
1644550365025652737
1644550481694302209
1644550481572773889
1644550481526804480
1644550523373191169
1644550525906501638
1644550554251857920
1644550560618541056
1644550577605558274
1644550609553731584
1644550620211302401
1644554182634926082
1644556157338492930
1644557498354126848
1644560489152757765
1644565141113958406
1644565691222179840
1644565696632741888
1644565702567686144
1644565701989138433
1644565717004570625
1644565723681832960
1644565722536857600
1644565721408520194
1644565727578411009
1644565728996245504
1644569597516083201
1644571355562795008
1644571445039624192
1644572508522414081
1644572808876376065
1644573189073170434
1644573766943490048
1644573935848108032
1644575807627730944
1644575836253634561
1644577660155363333
1644577935578263555
1644578263853932546
1644579647043276800
1644580303778861056
1644580808613679105
1644580818411573252
1644580819128954880
1644580817274826752
1644580815957794816
1644580823209787395
1644580820387069952
1644580824527044608
1644580830323568642
1644581525105549312
1644583692713754625
1644584951466295298
1644586245262016518
1644587610239643648
1644589441904787458
1644589460410048513
1644590365637214209
1644593691594506241
1644593876580069376
1644593937477246977
1644594960979599362
1644595889510514689
1644595895562805249
1644595911098507264
1644595911467859968
1644595922704162816
1644595923060936704
1644595924876812290
1644595924469968907
1644595925271080960
1644595931856207874
1644598950534553604
1644601588147732481
1644604616984743936
1644606242143305728
1644609347287388161
1644610025627820032
1644610541011505152
1644610997934514178
1644610996009304067
1644610998878216192
1644611004385337346
1644611007791222786
1644611013289836545
1644611016414699521
1644611019589971968
1644611022278254593
1644611025315020800
1644612482764267520
1644612482764267520
1644612994683346949
1644614368854786049
1644616015014252549
1644618238356082689
1644619778126929921
1644619981517193216
1644620393028759554
1644622407917813762
1644622904519192576
1644623050195730432
1644623763118469121
1644623763118469121
1644623763118469121
1644625993418563585
1644626082270773249
1644626081134137344
1644626091154219008
1644626089665261569
1644626094082121729
1644626101640241153
1644626121743560704
1644626125618831360
1644626124352155649
1644627375144017920
1644628147680292865
1644631200365965315
1644633888151461891
1644634368537956352
1644634511458615296
1644635165753212928
1644636967907237891
1644636966745456640
1644637813453864961
1644638784519041025
1644641187381362688
1644641194113134592
1644641198332624896
1644641197141508099
1644641201402806273
1644641202476646401
1644641206641610752
1644641214057127943
1644641223314137088
1644641769399754754
1644642729157091328
1644642729157091328
1644642959726444547
1644643878056722435
1644647148519030784
1644648893852811266
1644649082999144450
1644649404522016768
1644649664560394241
1644651886295891969
1644652165976211457
1644656285286289408
1644656290885500930
1644656290751291392
1644656295423737856
1644656302629462020
1644656302545686531
1644656323827515395
1644656322179215361
1644656328315379712
1644656327048810497
1644658773712318464
1644658924434366464
1644659476249686016
1644661612307963906
1644662268708155393
1644662999796314113
1644663881661550594
1644664108988465153
1644664508428832769
1644665479288569857
1644666386810060801
1644666401150599169
1644669039095037953
1644670118536806402
1644671404107808770
1644671402857975808
1644671408784433152
1644671418586505219
1644671418230247426
1644671423229599744
1644671428225126400
1644671428011122689
1644679195023360005
1644682148752809984
1644682604543725568
1644683374684979200
1644683467555233792
1644684170126409729
1644684893891313667
1644685703811309569
1644686494055923713
1644686492214919168
1644686496018972679
1644686502993993731
1644686506278125569
1644686504558489600
1644686519582568448
1644686517267251200
1644686523629961216
1644686525760675841
1644686525710385159
1644686538427473923
1644686582165766153
1644686924177874946
1644686974446338050
1644690629283422209
1644691457289207809
1644693326174760961
1644694856239906817
1644694863902908416
1644695340845604866
1644695458907058177
1644695580395069441
1644695620215603201
1644695620215603201
1644697390828380162
1644697900121767936
1644698317354352641
1644700068782407680
1644700905994944513
1644701602970836995
1644701602538717186
1644701606187786240
1644701610189156359
1644701608633049090
1644701616937791490
1644701616413593601
1644701621547311106
1644701621312684033
1644704476396236804
1644708766489759745
1644710120201551872
1644710949650067456
1644712124973817858
1644713252583096321
1644713958773800963
1644716584441729027
1644716688078696449
1644716687864782849
1644716694038798336
1644716692923117569
1644716696207347714
1644716701496360961
1644716705049096193
1644716703085887488
1644716714867802112
1644716726620426240
1644718183822049281
1644718953095208961
1644719863590449152
1644721635474259968
1644721717200257024
1644721738893197315
1644721793834315779
1644721793834315779
1644722442839941120
1644725985575677953
1644726215784235008
1644726478641438722
1644727306848735232
1644730516300525568
1644731645247864834
1644731650658402304
1644731804102938625
1644731805948592130
1644731807659589633
1644731812416045056
1644731814634835973
1644731812487352320
1644731826794123264
1644731823912812545
1644731826622156800
1644731825670029312
1644731830392741888
1644732583811358721
1644734201562906624
1644734802703052802
1644737168865148929
1644737357168660480
1644737393256275969
1644737773683843072
1644738967647182849
1644741816648888320
1644744845838237697
1644746818205483011
1644746886253797377
1644746892914442241
1644746895774957571
1644746903353978885
1644746903349854208
1644746906482929664
1644746910924767232
1644746919845978115
1644746926779138051
1644747683301670913
1644748303634931712
1644748315634946056
1644748766115688450
1644751176510894080
1644751315182968835
1644753526919245824
1644755116417859584
1644755260177625095
1644756290671878148
1644756663532912640
1644756879250259976
1644758247319166976
1644759141318107137
1644760785946542081
1644761020634726400
1644761405047050240
1644761680109289478
1644761991972634626
1644761991590944771
1644761995064000512
1644762000885534721
1644761999836839936
1644762002064289792
1644762010670845952
1644762016308162560
1644762021974659073
1644762020489617410
1644765244869210113
1644766092391317514
1644767532350599168
1644767753188900864
1644769580806467588
1644769659223252994
1644770024224112640
1644771087132291072
1644771087132291072
1644772155123544064
1644777104821608451
1644777102909243392
1644777107674001408
1644777112941756416
1644777111880597504
1644777111368998912
1644777120550252547
1644777119828803585
1644777122966142976
1644778064486727687
1644778396235227136
1644780422784532482
1644781500330655749
1644783249317675012
1644790917440602113
1644791404273565696
1644791693974044676
1644792191154372608
1644792191045230593
1644792200402817029
1644792198117093376
1644792204647444481
1644792206308397056
1644792205268205569
1644792205133897731
1644792216513282048
1644792722400727040
1644797356385206272
1644798662147538944
1644799544226373633
1644800002160570368
1644800584971874305
1644801932286910466
1644802571272429570
1644804183000793088
1644804815292100609
1644804991037612033
1644806148493647873
1644806180118704129
1644806413003227140
1644806925995876355
1644807286232317952
1644807286173364230
1644807291319857155
1644807293739978754
1644807304179580930
1644807313738399744
1644807316259192834
1644807316972138500
1644807322705772544
1644807321900711936
1644807877821964288
1644807910944542720
1644809243080417283
1644811231193096192
1644811352400347137
1644814835757056001
1644819112747577344
1644819118300831745
1644821832904613888
1644822386066194435
1644822384820785153
1644822385617403908
1644822389920759808
1644822403028008961
1644822401593622529
1644822399601328130
1644822412536496128
1644822423475302409
1644823375712272384
1644824943635361792
1644826793881346049
1644829394937028612
1644832038636204033
1644832198124531719
1644832539364712449
1644833062943875080
1644833332835004416
1644833332835004416
1644833576335147009
1644837373023334407
1644837475435655169
1644837480351547393
1644837488375070721
1644837487569932288
1644837486781243393
1644837497908731910
1644837505265549319
1644837503449411587
1644837519865835522
1644837523250638851
1644844697326682113
1644845414737231874
1644845557846769670
1644847021080150017
1644849195084312577
1644852560975523840
1644852568957530112
1644852576154689538
1644852578998530049
1644852583385939968
1644852587999510530
1644852605678485506
1644852604835356673
1644852611093262340
1644852622191661056
