1646302232097308674
1646302479821275139
1646308780207140864
1646310527352619008
1646311165776076806
1646312613930840064
1646316571831279617
1646316658833620994
1646317213815656448
1646317219390058496
1646317236095967232
1646317234896134144
1646317253686702082
1646317255125348352
1646317260917682176
1646317262662692865
1646317265418342400
1646317270199676930
1646317446448685056
1646319768394436610
1646322278584418304
1646323166678220802
1646327088691986433
1646327348185161728
1646329264374001667
1646330798520557569
1646331180550160385
1646331595643813890
1646332299284467712
1646332311393255424
1646332323695132675
1646332336055676930
1646332332209758209
1646332345241280514
1646332362328768513
1646332366561103872
1646332373577916417
1646336118328279042
1646340496724226050
1646341867485659142
1646344120070225920
1646347394408120321
1646347400452112385
1646347398061633536
1646347417477087234
1646347456685154304
1646347456475549697
1646347472594407426
1646347472569094144
1646347469326888961
1646348447996362753
1646353527386652672
1646355328433364993
1646355328433364993
1646355328433364993
1646356603803774976
1646356897271009281
1646357698857025536
1646358753673900033
1646359882373939200
1646361593423474688
1646362522251939842
1646362522109325322
1646362522495098882
1646362524739092482
1646362529499602944
1646362533903695874
1646362533173899264
1646362555580059649
1646362552530550784
1646362557840769024
1646363232809127936
1646363607708618754
1646363858779648001
1646364563913457664
1646366548989292544
1646366899142549504
1646367709100138496
1646373924630921216
1646377625739247616
1646377628109254656
1646377631753936896
1646377638074695681
1646377637126762496
1646377640490684416
1646377646542974976
1646377643556630528
1646377661252481024
1646377667850059777
1646378900107272192
1646378900107272192
1646379316048011264
1646386264222965772
1646386600375361536
1646387765792108545
1646387963784318976
1646389002952646658
1646392403497193472
1646392464213696513
1646392745941172224
1646392743646621696
1646392746981179393
1646392746851147778
1646392754086313984
1646392757773123584
1646392766484578305
1646392765318828034
1646392769936764929
1646392894570262528
1646395488093233155
1646395887705268224
1646396007201280001
1646396231915036672
1646397405766590469
1646398199626702849
1646398471824625667
1646399105013280768
1646399781219225600
1646401960591908865
1646402310598270977
1646404616014241794
1646405053857579011
1646405488421273601
1646407172140441601
1646407258102718464
1646407697296760832
1646407832797847554
1646407844798025728
1646407843766063110
1646407851487956992
1646407855900172288
1646407855153508353
1646407861344382978
1646407860035698689
1646407869372198914
1646407867644125184
1646408052784889856
1646408664289271810
1646409294311575552
1646411483847311360
1646411629729333248
1646413975137972224
1646415047017603073
1646415408558227456
1646415543883145216
1646415776117563394
1646416183275429891
1646417659368464390
1646420751665319937
1646422916471431169
1646422923786297345
1646422931818569728
1646422939141828613
1646422948373250048
1646422953435754499
1646422952911548418
1646422950436847616
1646422967838994435
1646423888589455361
1646425654857023488
1646425879483150336
1646427616365125633
1646429292971331584
1646430027263938561
1646430532014669824
1646431543332675584
1646431680507396096
1646432166291668994
1646432585776615424
1646433171972542465
1646436436097236992
1646436497032085504
1646436834182873089
1646438024555937793
1646438030293573633
1646438031367475200
1646438035712806913
1646438035486130176
1646438033640550400
1646438050023473152
1646438057288036353
1646438069925543936
1646438070114238464
1646438416387563523
1646439461457207297
1646439883332829184
1646440944298754048
1646442838253510658
1646443469357957123
1646443920958836737
1646445333960962048
1646446269651460096
1646450903380025344
1646451486204002305
1646452625041137664
1646452844336398337
1646453129569873921
1646453148456992768
1646453145667510272
1646453151807963138
1646453153917816835
1646453155809353728
1646453155595517952
1646453159425081344
1646453169843499009
1646454080213057536
1646456893823504387
1646457787898028032
1646462275882983426
1646462690812911618
1646462771817586688
1646463712256200707
1646464916771991558
1646465104077107201
1646465115313586177
1646465439730655233
1646466792146063360
1646467117225504771
1646467880051933189
1646468165956775936
1646468243152838657
1646468255232425986
1646468255010226183
1646468253131378689
1646468259347156998
1646468264157933569
1646468268780126209
1646468268243275782
1646468269115691008
1646468729407000577
1646470308029710336
1646470671461957632
1646470871048142853
1646472263368163329
1646472460517224448
1646473161410478083
1646473328004304897
1646473332949123075
1646474680235094018
1646476239417270272
1646476239417270272
1646476617957494786
1646477142849466368
1646477381484392448
1646477455245336576
1646477581254905857
1646479074511171584
1646479074511171584
1646480486372454402
1646480748277276673
1646481129535414277
1646482167156051968
1646482429568327684
1646483320782331905
1646483323479375874
1646483327283605504
1646483332530569216
1646483335059849217
1646483332731895812
1646483332165935104
1646483341519069187
1646483355335024640
1646483356715044864
1646483435274240006
1646483435274240006
1646486436768538626
1646486907335966722
1646486907335966722
1646488272770572288
1646489904262594560
1646490761117016064
1646491721973264384
1646492052123705344
1646493722140368899
1646494092602269697
1646494279962099713
1646494485000384513
1646495443034025984
1646496369727901696
1646496845756071936
1646497100383891457
1646497437488410624
1646497726769537025
1646497820688392193
1646498448970067969
1646498448898932746
1646498448714403840
1646498453504278530
1646498452921110528
1646498457341902848
1646498460357611520
1646498464073760768
1646498467567599617
1646498908531572736
1646498928005636101
1646500344887640066
1646502390055444481
1646503842513580033
1646504005898747907
1646504992243630080
1646505095218237447
1646505702570221571
1646507697989382144
1646508282008293376
1646509158080950278
1646509158080950278
1646509284480413696
1646509795296309249
1646511570380529668
1646511733958381570
1646512532029579265
1646513190174605317
1646513527589576704
1646513537454583812
1646513543532126209
1646513550247198720
1646513558224773120
1646513562557517824
1646513562054189056
1646513565510307843
1646513565275426818
1646513565258645504
1646513571109519364
1646513751775129600
1646514462789361670
1646514551796662273
1646514808781684746
1646514808781684746
1646515513311506438
1646515924839854082
1646516768532471808
1646517824490467329
1646518546967724037
1646518713116692483
1646519330564378630
1646519753975160835
1646519911534186496
1646519940185481216
1646521279451918340
1646521598076411908
1646521712715137030
1646522772196311044
1646523014459301888
1646523097800126464
1646523260568481793
1646523870059560963
1646526121566146562
1646527530441273344
1646528640459608067
1646528643269816323
1646528642862964736
1646528649884225541
1646528653663309824
1646528658415456258
1646528657945661471
1646528661565374469
1646528661728948224
1646528666208468994
1646529832556322820
1646530219199852546
1646530720490455046
1646531253632638978
1646532428406595586
1646532428406595586
1646534215754739713
1646534319324667904
1646534466347646979
1646535354000850945
1646535458795708418
1646535508796002305
1646537540340678657
1646537966150377473
1646540534549213186
1646541623222738946
1646543741296029700
1646543738607489024
1646543745419034626
1646543745645518849
1646543746547306497
1646543745989451778
1646543752822157313
1646543756869664769
1646543756722675712
1646543976651010049
1646545438466531328
1646547527980679170
1646548288743645184
1646549552135127048
1646549590269730816
1646549621265629185
1646549738429218818
1646550594813845505
1646551068061622272
1646551232381845504
1646551807546490881
1646551807546490881
1646554945695383553
1646554979107479552
1646556809467920390
1646557262427586562
1646557544901378063
1646558245471780876
1646558831215013888
1646558836491157508
1646558836419952640
1646558837560705032
1646558842229252098
1646558855998865413
1646558854518276104
1646558861220773896
1646558865377329161
1646559431616757774
1646559453460967424
1646560592852058117
1646561243442888704
1646561632825245707
1646562167897096192
1646562370406187024
1646564142411546629
1646565366233956366
1646565673705799695
1646566086093963295
1646566242067546127
1646566318580039695
1646567320385355790
1646568157681795072
1646569028654071808
1646569711398780941
1646570421574139916
1646573552135446528
1646573892838850569
1646573929568563201
1646573938007310343
1646573937915035651
1646573937105444864
1646573937243959298
1646573944495898633
1646573943518552064
1646573951647186953
1646573957124874240
1646573964578226195
1646574740688240640
1646575208373911574
1646575274828464128
1646576182635233302
1646577287498694657
1646578846639030280
1646578919892566017
1646579400232632331
1646579743687598080
1646580037456637952
1646580037456637952
1646581675541889036
1646581832039776256
1646582717231005697
1646583494561202183
1646583582779998399
1646585880935628800
1646586236197371915
1646587157459664896
1646587798139424768
1646587997356281863
1646588065450807311
1646589035404759040
1646589038172807169
1646589043499585550
1646589042522300416
1646589047438037001
1646589051674451969
1646589051988856833
1646589054023094287
1646589059362349056
1646589307208212480
1646589642114846721
1646591663865724928
1646592172865486849
1646592903089737731
1646593194493202438
1646595289632092160
1646595506913591296
1646597467595591690
1646597879924916224
1646597879924916224
1646598198792683520
1646598308574507008
1646598643019927562
1646599283217518594
1646600546709655574
1646602878562324480
1646603319354314769
1646603739527106574
1646604029601136642
1646604027155873792
1646604033036275712
1646604036085522434
1646604114380443677
1646604114216865795
1646604117979148288
1646604129358303267
1646604135632982024
1646604137277329409
1646604142960422912
1646604148941508615
1646604154142445568
1646604158689071110
1646605734136762373
1646606504991117328
1646610208855142400
1646612282946772992
1646613851578806277
1646616156084600833
1646616245536423937
1646616301509459976
1646616652799262720
1646617526879637508
1646617838558273536
1646619221126676481
1646619228018036741
1646619243243270145
1646619242660282368
1646619241599082496
1646619244258541568
1646619252013637636
1646619259332620289
1646619261979308033
1646619479865184256
1646622737580933121
1646622737580933121
1646623109120761857
1646624330573291525
1646624332397912068
1646624461112631298
1646626103887372289
1646626138041532416
1646626271315611650
1646626433832288259
1646627016433704960
1646627923754115072
1646627980062384128
1646634338312769539
1646634342922305540
1646634344235114500
1646634343807213569
1646634350040035328
1646634349780148224
1646634347942772736
1646634347347460096
1646634352611131392
1646634357405413376
1646644890518863872
1646645671162773505
1646648944573726721
1646649374611472385
1646649389908197379
1646649415162298368
1646649421189513216
1646649417682780160
1646649427195461634
1646649433570910211
1646649436133801988
1646649458560565249
1646655636044939264
1646657163929038852
1646657432792317952
1646658186202562564
1646659723398135814
1646661303313006592
1646664502010839042
1646664512924434432
1646664518716489729
1646664518938816512
1646664521627635712
1646664534273163265
1646664540782772225
1646664554263330816
1646664559342637057
1646664562416943105
