1643772873654300673
1643776225012244482
1643776649626808320
1643780494255968258
1643780502065909760
1643780506289573888
1643780506251673601
1643780505773686784
1643780515517075459
1643780514686353412
1643780519526645761
1643780526514507776
1643780538623295488
1643785593782935557
1643785763929063424
1643788039259389953
1643788039259389953
1643795591468847104
1643795601790836736
1643795611513126913
1643795616105918465
1643795614394896385
1643795619969134593
1643795623483777027
1643795633059377152
1643795647554809857
1643795651392831488
1643796234031837185
1643797039971459075
1643797060020256768
1643801648261898241
1643802018069241856
1643804278925017088
1643807145350033408
1643809858318376961
1643810698990964757
1643810698395529217
1643810701549670401
1643810706704437248
1643810716955058177
1643810724295110657
1643810737662603264
1643810737645580289
1643810743379271681
1643810749733584897
1643812777662771201
1643813078226677762
1643818606810234886
1643822078146273281
1643823354317611009
1643823770778628103
1643825797386387456
1643825801761005570
1643825805976567809
1643825809679867904
1643825815107534848
1643825824049647618
1643825836196282369
1643825841376227330
1643825851358748673
1643825857247494144
1643830770820317184
1643831672276746242
1643835189708341248
1643838746280722433
1643839321684754434
1643839921491255300
1643840390682882050
1643840919676891137
1643840917126668293
1643840916833153024
1643840944222121985
1643840942904946689
1643840947791306754
1643840947510231040
1643840946470109184
1643840997611253762
1643844434864250880
1643844859520843776
1643846067119611905
1643847352778735617
1643847350031450112
1643847460308000768
1643847918103801856
1643849572890935297
1643853101151969283
1643854000972787716
1643855824966627357
1643856017338388480
1643856017107697664
1643856020689801216
1643856021788454914
1643856026989363203
1643856028096770049
1643856028034043904
1643856034631499778
1643856047600291840
1643856914957352960
1643857077440323585
1643859153759215617
1643859514645528579
1643865909302378496
1643866916220547072
1643868451189014528
1643869393745588228
1643870191770583040
1643870607652671488
1643870889010765824
1643871101284483073
1643871105306828802
1643871129428283393
1643871128996175872
1643871128560238592
1643871135992258561
1643871143407788032
1643871153738350595
1643871153121902592
1643872431545761793
1643872733350993922
1643872733350993922
1643874641922990081
1643880366271283200
1643884733200228353
1643886210769735680
1643886224459833349
1643886227853045762
1643886234320658432
1643886233330876416
1643886239093751808
1643886244936417286
1643886250271690755
1643886249369915392
1643886253903863810
1643886600256995329
1643887873479909376
1643890011073388551
1643896160757612544
1643897051158069248
1643897476645093378
1643898511107211266
1643899385124732929
1643899870107795456
1643900365438345216
1643900501249994757
1643900510204747777
1643900754820726784
1643901091896066049
1643901296930435072
1643901319701467136
1643901325590032384
1643901325783060480
1643901328111058944
1643901337682448385
1643901336302280707
1643901347496960007
1643901355344510977
1643901352521629696
1643903272506327040
1643903272506327040
1643903653491748864
1643905823335227395
1643906678486708225
1643908283109896192
1643908283109896192
1643908283109896192
1643910104746692608
1643910858928709632
1643910861780668416
1643910909633388547
1643912958873939971
1643913366166020096
1643913411950944256
1643914476708667392
1643914531624697857
1643914549618196485
1643915136778764293
1643916012775940096
1643916287255429120
1643916428460826624
1643916431694737408
1643916433351639040
1643916436761608194
1643916434127331328
1643916439189876736
1643916439211106304
1643916446051827713
1643916446731304960
1643916448761348097
1643916819340591104
1643918442532163590
1643918669712334854
1643919503024062464
1643920189828866048
1643921001040826368
1643921309305393152
1643923169441640449
1643925361808269313
1643925957571407875
1643927931687714817
1643931524419428352
1643931528907440128
1643931533395337218
1643931536788529152
1643931538604564481
1643931544464117761
1643931543474192384
1643931549111386113
1643931547878211585
1643931551720259585
1643931754141736961
1643932201984090114
1643935285284052993
1643937133109936130
1643937820052975618
1643938434417848322
1643941693274701824
1643943442181943297
1643943633501007872
1643944858128637954
1643945526176497665
1643945897288400896
1643945969287872512
1643946008731058176
1643946388256956416
1643946616343216132
1643946621770530816
1643946621334429697
1643946621200154626
1643946631279026176
1643946631082156032
1643946636970795015
1643946645506105349
1643946641995743238
1643946650459578369
1643948055236837379
1643948185679699969
1643948437270851586
1643948730503032834
1643950199671324673
1643951370771501057
1643952467993071616
1643952809946288129
1643952869031149569
1643953687679598592
1643954930720428032
1643957345645391872
1643957663405883393
1643959113292849152
1643959838521581573
1643959838521581573
1643960115676979201
1643961736423170049
1643961736771563527
1643961739011293189
1643961740097634306
1643961743893200896
1643961742735855616
1643961749052301312
1643961747676581888
1643961747462836226
1643963389721341952
1643965527000244224
1643965528334008320
1643967219251154944
1643968034833420289
1643968123056402432
1643968948377985029
1643970882619199488
1643972509111562240
1643972748899942400
1643976714392047619
1643976821258731521
1643976827269177347
1643976823607558144
1643976830444265472
1643976833803882498
1643976842326732805
1643976842075058179
1643976841869549569
1643976846651052038
1643976852233674756
1643976928934907907
1643977821692518401
1643977836313845775
1643979721192112137
1643980104392138754
1643980104392138754
1643982186041982976
1643983727499018244
1643984940848250883
1643985599626620933
1643985599626620933
1643987803955687427
1643988690375696385
1643989298012880898
1643991375908847618
1643991938885099521
1643991943544995844
1643991943045877760
1643991941477199874
1643991946413879297
1643991944002166784
1643991952038453250
1643991952365608965
1643992595868049408
1643992826299183111
1643992993286995971
1643993789516877826
1643996246749896705
1643996418691186690
1643997153533087745
1643999059370291201
1644000085380931584
1644000235906113537
1644002189596041219
1644004642844553217
1644006131239473156
1644006694261866504
1644007003935612930
1644007012378787840
1644007022285791234
1644007027688235009
1644007030225608707
1644007034382106629
1644007032360427524
1644007037037166592
1644007051306348544
1644008185987223553
1644009029688078338
1644009187192586241
1644010963497099265
1644012476516777987
1644014732553121793
1644015860967931906
1644016168108171268
1644016529468473344
1644016841512177666
1644019297235132418
1644019302998089738
1644021926925312024
1644022059414986765
1644022110950400002
1644022125496246282
1644022133935288320
1644022133779996694
1644022133750636547
1644022131674562561
1644022136330133507
1644022139148697601
1644024177517527040
1644024446334783488
1644024512642424834
1644027922414444555
1644029383412162583
1644034296091484160
1644035283728363524
1644035909741068288
1644035950845083655
1644036010890653701
1644036114444083201
1644037209496907788
1644037212370006022
1644037225372598278
1644037231038873600
1644037230506258433
1644037236395233280
1644037235698745346
1644037241248038913
1644037242875179027
1644037250034855961
1644037566402789376
1644040239365910529
1644040302896771090
1644040748713791488
1644041167112228865
1644041428769599503
1644042106451685387
1644042713744982016
1644045149729615886
1644045334296031232
1644046485577940992
1644047231794704393
1644047668098789397
1644048089466957852
1644048628783149063
1644049874185515008
1644052261545431052
1644052324057485312
1644052323231207429
1644052326058188800
1644052327882719233
1644052334706675713
1644052338171170827
1644052349277569025
1644052346433949717
1644052388527984646
1644052603079217164
1644052792108257281
1644054181622456320
1644058702104723458
1644058897542533139
1644059966423158805
1644061145693671427
1644061861292265502
1644064188791427072
1644064626152296470
1644067206370676750
1644067414773059615
1644067412403277832
1644067415238627330
1644067425049104386
1644067432158449692
1644067429285351456
1644067436004626436
1644067435182698497
1644067444691030043
1644067442237362194
1644067446658158626
1644069004699488279
1644070656957456391
1644071667696652290
1644072082605498369
1644074483458646016
1644075145475268625
1644075840613806080
1644077133428400129
1644079986976890880
1644080839364431874
1644081025893400584
1644081126254993409
1644081254562947072
1644082511478239234
1644082510694088704
1644082523281018882
1644082523213901825
1644082523108941827
1644082520529444865
1644082526422441986
1644082531866750977
1644082533628248064
1644082543728250884
1644082545422917638
1644083054074294273
1644083840904753158
1644087651774119936
1644088009975791617
1644088713411018752
1644089200390848512
1644089200390848512
1644089519551946753
1644090665045729289
1644092290867118082
1644093720738902016
1644093720738902016
1644093720738902016
1644097043370049536
1644097464679428097
1644097599572516866
1644097603284467716
1644097615666065408
1644097616047751170
1644097625531076609
1644097631650553857
1644097634246729735
1644097637316952067
1644097646984830976
1644097645626150914
1644099593443876865
1644101384344592384
1644103878147817475
1644104019239923712
1644109292679602176
1644109430101876739
1644112374431981571
1644112538651467776
1644112708575326208
1644112712480202755
1644112712241119233
1644112711565950977
1644112711469477892
1644112723746201601
1644112729802969088
1644112737629265922
1644112736148762625
1644112742901481473
1644113661097660418
1644113661097660418
1644114104813076480
1644117632021413889
1644122191468937216
1644125790576201728
1644127801555943424
1644127801224617988
1644127799970607105
1644127821336305667
1644127842349854721
1644127839875133442
1644127845298618368
