1642678301176258561
1642691269905334273
1642691622608461824
1642692138533105664
1642692237556326400
1642693334983495682
1642693344730947584
1642693348929437696
1642693355208597505
1642693355099258880
1642693376779878400
1642693383205400577
1642693383578611713
1642694435287846912
1642706337523007490
1642706806496698370
1642708355771686913
1642708357319458816
1642708371978719235
1642708388172660736
1642708407802052609
1642708444678434823
1642708449959063555
1642708455885553666
1642708472939573249
1642713822719885314
1642719891311476739
1642723531422158848
1642723528851038210
1642723549227139073
1642723559910023168
1642723566738341888
1642723566327336962
1642723569976197120
1642723575164444673
1642723587504193536
1642723594093621248
1642723912713658368
1642724286220713986
1642724923448897537
1642728175930343424
1642732641039310849
1642735948571058176
1642736930491191298
1642738183950553089
1642738597827862528
1642738597404241920
1642738601589866497
1642738603188002816
1642738608539852805
1642738638936211456
1642738650201956354
1642738650776584192
1642738672507277312
1642738681378377728
1642751182224478208
1642751338894462977
1642752853604171776
1642752955773272066
1642753730780049408
1642753727009288192
1642753736253554689
1642753739567300608
1642753751193886723
1642753761499029506
1642753768465809408
1642753775059304448
1642753786207694848
1642753792117714944
1642755067563352064
1642755732708941825
1642755732708941825
1642756357387620353
1642757055218868224
1642757557943975936
1642765768453505027
1642767522276552705
1642768131755225096
1642768838558097408
1642768838537142276
1642768835093602304
1642768851203915776
1642768847575851008
1642768853011775490
1642768856815992833
1642768875476353026
1642768883177119744
1642768881029636096
1642768897693691905
1642768937782849536
1642769467628191744
1642769560301346816
1642769901113823233
1642772248833425408
1642772991397208064
1642774609526128640
1642774609526128640
1642774733237133317
1642776424850288645
1642776424850288645
1642776424850288645
1642776424850288645
1642776424850288645
1642776424850288645
1642776424850288645
1642776424850288645
1642776695731003394
1642776915344752641
1642777673180106753
1642778864488177664
1642779023808839682
1642780092307832832
1642780257789804544
1642781839440900099
1642782480527769600
1642783565396967428
1642783637526528000
1642783958730407938
1642783955584778241
1642783961033179137
1642783965575626755
1642783978674438146
1642783977026076672
1642783980654145536
1642783982029795329
1642783989608980481
1642783990439395330
1642785795022135296
1642788109694664704
1642788709857890305
1642789236549009408
1642796641395650560
1642796786724089858
1642797376476786689
1642797739212668931
1642797762470084610
1642798137856196609
1642799062310109186
1642799070149324803
1642799069872414721
1642799077782953984
1642799079645126656
1642799078676283392
1642799078495879168
1642799076117827584
1642799080433647617
1642799091284430849
1642800346580889601
1642800869765783553
1642802102341885952
1642802456789676032
1642802868200546305
1642803397664358400
1642806972779995138
1642807775091671041
1642809236253032448
1642813114084098050
1642814177948385280
1642814182759301120
1642814182188826625
1642814181052407813
1642814185670168577
1642814185338818561
1642814184260771840
1642814186743902208
1642814188232876033
1642814882163707904
1642821402242809860
1642822474940268544
1642824578769772544
1642825517362556930
1642826348438888455
1642826505699880960
1642829133154598912
1642829234711166977
1642829240386088960
1642829244157014018
1642829246622990336
1642829261135548417
1642829264297893888
1642829266478874624
1642829276947832834
1642829280164864000
1642829285386862594
1642830323560902657
1642830555275309056
1642830664427876352
1642831214015905794
1642834893288747010
1642834968626733057
1642835479031603202
1642837348458151938
1642838120960868352
1642839403864129536
1642840465362829312
1642842167679889409
1642843287428931585
1642844281365835780
1642844281365835780
1642844281365835780
1642844352962523137
1642844357299412993
1642844372453531648
1642844371803336706
1642844371182649345
1642844375372771328
1642844376371023872
1642844379202342913
1642844378354819072
1642844389964939264
1642845788014366720
1642846616628412417
1642846727114829824
1642849300970364929
1642849459737378823
1642850681173180419
1642851136502652930
1642852517813047296
1642853467168309251
1642857588143321088
1642858377146425345
1642858593400639488
1642859459855695877
1642859462695198720
1642859466864353280
1642859465811566593
1642859471486566405
1642859470337318912
1642859477840936960
1642859486695108608
1642859486531538944
1642861395967442945
1642862049674797059
1642863134670045186
1642864504965832710
1642864700349206529
1642865246099439621
1642865283986608132
1642866071903379457
1642866872268869633
1642867153673109505
1642869233766809601
1642869720574558208
1642870454678433792
1642871136294715395
1642874555050995712
1642874555005046784
1642874567252140034
1642874572243337216
1642874579931594752
1642874583047892993
1642874582544666624
1642874589695954944
1642874588903161862
1642875192463556608
1642878160269180930
1642880413533175810
1642881843639861248
1642886826628112387
1642887091091546114
1642887750847279108
1642888363026927616
1642889140520865796
1642889309807149058
1642889667019169792
1642889666679672832
1642889672505405443
1642889670131597312
1642889673247735817
1642889679564337155
1642889678306136070
1642889688586555393
1642889685109288961
1642890041025523712
1642891267196452865
1642891702015860737
1642892029892935681
1642895917291302914
1642897376733011968
1642899758887968775
1642901406112677888
1642903518448168965
1642903818118610944
1642904072754806784
1642904766295465987
1642904768031932418
1642904775552376833
1642904773190975489
1642904772096212992
1642904776940691458
1642904777330765832
1642904783970512898
1642904781797638145
1642904788550533122
1642904955471134726
1642905002166345728
1642905455465775104
1642906899921133568
1642907463128166400
1642911669746630656
1642911897656733699
1642912087981563906
1642912656871784453
1642913381345632258
1642913381345632258
1642914281325723650
1642916699664949249
1642918390439264256
1642918878052229122
1642919859368628226
1642919871619932160
1642919873905926144
1642919878012051457
1642919879308091392
1642919883716395011
1642919881208221696
1642919887830908928
1642919886656610307
1642922556100313088
1642924559761547264
1642925272943976448
1642928984903106569
1642929675327492096
1642930483653754890
1642930848612732928
1642931026505744407
1642934973597466645
1642934974675402764
1642934981860245534
1642934981554241537
1642934980941860865
1642934987589578754
1642934986943741969
1642934986339762216
1642934985656090631
1642935743902527488
1642937365709701155
1642938227030999063
1642938950602899456
1642939019611848733
1642940068246568977
1642941718436757513
1642942963687866370
1642945081509306371
1642945081509306371
1642945185674850304
1642947034347872265
1642947981279363072
1642949614050369536
1642949999720902658
1642950051084500993
1642950049868161024
1642950054540345344
1642950064573399040
1642950063227035648
1642950063126114306
1642950062346055680
1642950073154674690
1642950073007874051
1642950080448569361
1642951745205575693
1642952331489624066
1642952546724745218
1642952838908375042
1642954215327670275
1642958257684619282
1642958577320198146
1642960041043959812
1642964615582588930
1642965165435154432
1642965168769634304
1642965168450859008
1642965168207306770
1642965167242616855
1642965173479804929
1642965171617554432
1642965170006929408
1642965181398392878
1642965179238326289
1642967762912813063
1642967999236677636
1642969606389379072
1642970901775011840
1642971012495974401
1642971809095233537
1642972034282946562
1642973900857393157
1642976418094100483
1642977613462355970
1642979599817793536
1642979896124121089
1642979896124121089
1642980243953668096
1642980244440096770
1642980248387035137
1642980248290574339
1642980248232030211
1642980246054895616
1642980259971596291
1642980264564473857
1642980276178493445
1642980283254439937
1642980485952335872
1642980518764396546
1642980795269754881
1642982318024577024
1642983685870723072
1642985624818024448
1642987538821558277
1642989759365779461
1642990728455553024
1642991269042601984
1642992481414578181
1642994299142041601
1642994451755810822
1642995369737854976
1642995377052823555
1642995376457121795
1642995374666264579
1642995375484305408
1642995374351851521
1642995378420064259
1642995379351199745
1642995383348629504
1642998270078210051
1642998415553339392
1642998806600986626
1643000989258076165
1643001423301431298
1643002427220656128
1643003874444279808
1643008867771482113
1643009941123522560
1643010458633248770
1643010456708337665
1643010463989653505
1643010462190116866
1643010471203848192
1643010476438175750
1643010476144558087
1643010472986148869
1643010480079015936
1643010482209529856
1643011501270216710
1643015568784596992
1643016349566791680
1643016349566791680
1643019506594267136
1643020434995048450
1643021534372454404
1643025506147655681
1643025512720130050
1643025519586209793
1643025518097211393
1643025531716136965
1643025538334720002
1643025558572244992
1643025563752226816
1643025572812009476
1643028223767240706
1643028910525825028
1643029122833055750
1643029478157742082
1643035633064222720
1643037661349683206
1643037934994456576
1643039526796017666
1643039906074091522
1643039910826262532
1643040287164624896
1643040641377763328
1643040642828759041
1643040648281595906
1643040654228848642
1643040655638425600
1643040660759650304
1643040665725444098
1643040665415081987
1643040673996722176
1643040678413484033
