1641955354291458055
1641958449742336001
1641959736055586816
1641961356101558272
1641961525123461123
1641964592883724289
1641965515852640261
1641968585751896064
1641968583696678913
1641968589279227906
1641968605763112961
1641968603980509184
1641968612029390849
1641968614973603841
1641968946742951936
1641975432903004160
1641975992888733696
1641976925064245249
1641978853202489346
1641980644451295232
1641982155176722434
1641983648093143042
1641983655949254656
1641983664840908801
1641983668796153857
1641983667336536067
1641983689470140417
1641983694297497600
1641983695547682816
1641983699066470408
1641987217986912256
1641993571849887744
1641994434270367744
1641997222798835712
1641998700812673027
1641998704545775620
1641998722342027266
1641998729522601985
1641998756043169792
1641998759532933120
1641998762414428162
1641998790340104192
1641998799269683203
1641998816105893888
1642000433639198720
1642000635905167360
1642001418621001729
1642006957325262848
1642008608958193664
1642011223331045383
1642011223331045383
1642013852027195393
1642013871664668672
1642013877914222592
1642013884365041667
1642013882507198465
1642013889452728322
1642013897203785730
1642013895324758017
1642013910017482752
1642013911351427072
1642023508824797189
1642028217052672001
1642028772596797440
1642028964926332929
1642028968974094336
1642028984514007041
1642028987810553856
1642028987131084801
1642028985046450176
1642029001219735552
1642029002905776128
1642029014297739264
1642031543316107266
1642032690919772160
1642033992219127811
1642043867049656320
1642043929666125824
1642044057487659010
1642044058947166209
1642044066174234624
1642044078480056321
1642044078094184448
1642044076752076805
1642044079432249345
1642044087732785154
1642044089502691328
1642044088944828418
1642046834192392194
1642047591247495169
1642050612505243648
1642054869447049216
1642056645378293769
1642057137084825602
1642058360118734848
1642058510434197505
1642058791804911616
1642059169158033410
1642059171162988545
1642059172446388225
1642059182026248192
1642059187407532033
1642059198618914817
1642059201437483008
1642059200468779009
1642059204683870208
1642059204717342721
1642059973218934785
1642062033326682115
1642068031491678208
1642068031491678208
1642068145652350977
1642071612156411904
1642072141880328192
1642074296599158784
1642074296540356609
1642074300978020353
1642074301590372354
1642074305692311557
1642074305256120321
1642074309718953985
1642074311103053827
1642074315037241344
1642074314651615234
1642075576495374337
1642075880338907138
1642076243037245441
1642078632116977665
1642078700299485184
1642082413852385281
1642083880399151104
1642086160494219266
1642086768529874946
1642087222563205120
1642087923376963585
1642089025698926592
1642089397121085441
1642089404352147456
1642089411612405760
1642089410710609922
1642089408609353729
1642089415395749894
1642089415144263681
1642089414762561536
1642089412837228544
1642090970694000640
1642091665417465858
1642092163172319233
1642094536653701121
1642095224142073856
1642095330937257987
1642095823826690048
1642099799033008131
1642103242199793664
1642104484150091776
1642104488289869825
1642104493478166529
1642104506518319111
1642104506337878016
1642104506010808322
1642104504626675713
1642104509282304000
1642104508174958594
1642105603819446272
1642107058429255680
1642107164427689984
1642109541134356480
1642111431926480897
1642112197831675904
1642113234105692160
1642114032428634115
1642115766962077696
1642116283775823872
1642119369315500032
1642119591638843392
1642119590539919360
1642119591479345153
1642119606557892610
1642119609921810432
1642119609250717698
1642119608508334080
1642119612241158148
1642119611138338817
1642119721066672132
1642119936343457793
1642123359642173442
1642123981934166016
1642124500748705794
1642124688418586629
1642125924396089344
1642127508270198784
1642127750608699395
1642127759706144769
1642131543639334914
1642133639348596736
1642134168099336194
1642134676201435136
1642134679481466880
1642134688650371073
1642134701551808513
1642134704085245955
1642134702176780288
1642134706412978179
1642134708963143682
1642134711911759872
1642135400377450496
1642136963217063936
1642137099829755904
1642137462750208000
1642139262127570945
1642140274536112129
1642140912192040963
1642141094472306688
1642141383971438593
1642142516085415937
1642142534251028482
1642142785045434369
1642145523346948099
1642145710370856960
1642146975402409985
1642148375679348738
1642148669070663680
1642149500771876864
1642149747136905217
1642149792703815680
1642149795275096064
1642149796499828738
1642149793852977154
1642149801306275843
1642149803755700226
1642149802530988034
1642149808797523968
1642149813654355971
1642149811536396289
1642152270077784064
1642154433495572486
1642154597597732869
1642155404208775168
1642157470180155392
1642161607949139972
1642163366750814210
1642164846589296640
1642164861319761928
1642164862142017536
1642164876104675331
1642164882370973696
1642164892487634944
1642164912137928706
1642168357519609859
1642168751729565696
1642169209923805189
1642174752742596609
1642175994042671106
1642176313699049472
1642176865917100032
1642177326963208203
1642177424355110912
1642178059494211585
1642179529384001536
1642179605313253376
1642179626729455620
1642179970901344256
1642179972646285316
1642179977675145220
1642179981131280387
1642179993471160322
1642180000437657601
1642179999942823944
1642180006259425282
1642181051291168772
1642184464758439937
1642186433518600194
1642188631401021443
1642188838607921153
1642192266063228932
1642192729231835139
1642194120276951040
1642195078671216641
1642195086787182596
1642195083956047872
1642195085927370752
1642195093871382530
1642195099294498818
1642195095951667201
1642195103803482112
1642195100888363012
1642195100284465153
1642195313476661248
1642195382020059150
1642196869978763266
1642196881886310401
1642198075123933185
1642198816764878852
1642203807043010560
1642204168365416448
1642204432346537985
1642204789713911816
1642205179805319170
1642205507397079050
1642206780750004228
1642207728121843714
1642208994151264259
1642210194527592452
1642210194045239298
1642210198784966656
1642210195928498182
1642210201653719042
1642210200324284417
1642210201351667714
1642210206833688576
1642210211762151424
1642210208976912385
1642210251423334400
1642212130060398593
1642212516263604225
1642213342088658944
1642213843215564805
1642215543120842753
1642217521322373121
1642217526271565825
1642217523071295491
1642217529354461184
1642217585532973057
1642218328939806720
1642223608909930497
1642225279283130369
1642225285637500931
1642225284819701761
1642225287177052160
1642225291538976768
1642225304935583747
1642225304650276870
1642225304570679297
1642225310627241986
1642225757043793920
1642226086044917764
1642226355226943489
1642226679320924161
1642227797362868225
1642228112636235781
1642229763065430017
1642231908795916289
1642232365299773448
1642232868268064771
1642233558067544067
1642234240203993089
1642238713122942981
1642239970961244163
1642240393948409858
1642240392752930816
1642240395093344256
1642240394766307331
1642240401749983232
1642240401284165638
1642240400977977344
1642240402496339968
1642240410125844480
1642240680226435073
1642243166953697284
1642244650785443840
1642244729797500930
1642245099504521220
1642245865933791234
1642246605293092865
1642248750964801536
1642249014342033412
1642249364306378755
1642253377122836481
1642255488430530560
1642255486706917376
1642255492931002368
1642255492729946112
1642255491375005698
1642255490771034113
1642255500954746881
1642255500820590595
1642255503920099330
1642255510337646592
1642255561700827136
1642255803632476160
1642262755662000129
1642262755662000129
1642264206060793856
1642266154868822016
1642266371080724480
1642267809165238273
1642270592391954436
1642270595445317634
1642270595013398528
1642270601208373251
1642270598217842688
1642270603905212422
1642270608561143808
1642270606560206850
1642270605931163648
1642274479433760768
1642276226709553152
1642277509726085127
1642277565703282688
1642279627858010118
1642281792198639616
1642285307406983168
1642285695724077056
1642285695598313474
1642285694746865665
1642285704028778497
1642285702980173824
1642285709485547522
1642285707514224642
1642285705681600513
1642286381660614663
1642286942762008576
1642290185969754114
1642291474183118848
1642291700683907075
1642295728381784064
1642296319132725254
1642296485935996928
1642297718428114947
1642298258734161927
1642298275427651584
1642299829593296896
1642300751350226947
1642300750985596930
1642300753170644995
1642300755142144001
1642300764851777536
1642300779212972037
1642300781800947712
1642300789514293250
1642300796518690817
1642302837529931778
1642306617071878146
1642307309635338240
1642307309635338240
1642307711810379780
1642311710223507456
1642315866615300096
1642315869022986240
1642315874391425025
1642315883438587904
1642315890032013313
1642315895287746563
1642315897573449730
1642315896633843712
1642315896264749056
1642315908117831681
