1647393311173353473
1647393546800975873
1647393859725320198
1647395082058846213
1647399908805169153
1647404297582256128
1647404326535548932
1647404339869130755
1647404354306023424
1647404363663675392
1647404396546871297
1647404416775999489
1647404422014590976
1647404429052608513
1647404432190066689
1647405510373658624
1647409946517032966
1647411651958784001
1647411843990790145
1647411843990790145
1647417479692537857
1647418722045554688
1647419106826625024
1647419468086231041
1647419474587398146
1647419471261495296
1647419484347539456
1647419503347679232
1647419503318388736
1647419504610140160
1647419523329323010
1647419520888324098
1647419537363701760
1647421578827710464
1647422116583870464
1647426394270601216
1647429962381815811
1647431272241807360
1647431272241807360
1647431272241807360
1647432619544440834
1647433899709173761
1647433899709173761
1647434425037123585
1647434560068784128
1647434570227392512
1647434571536031745
1647434576283811842
1647434589592498183
1647434597750243328
1647434618260590593
1647434628330921986
1647434627009609728
1647434634081488897
1647437122779901953
1647440683635212290
1647443850154201090
1647444852727062528
1647445177462665217
1647445402919075842
1647445850480680965
1647446230157660160
1647446562312708096
1647447934273990656
1647449439760515076
1647449661047816193
1647449670778535936
1647449675216068609
1647449681012699136
1647449678022098944
1647449686767202304
1647449695252299777
1647449709278027776
1647449716961968129
1647449723035439104
1647454249452814337
1647456548719931394
1647457431599955971
1647458400224124931
1647464721417904128
1647464733883203590
1647464770419736577
1647464792594980864
1647464802527191043
1647464815797968896
1647464826434732034
1647464826338254849
1647464831446835201
1647464828477267969
1647465340438450181
1647465694651621376
1647466835627978753
1647467659515277316
1647472578724872193
1647475695004598272
1647476635812110336
1647479879917621248
1647479878978269191
1647479884262850561
1647479888369139715
1647479922972143618
1647479920157921280
1647479924893315073
1647479929548726272
1647479934653280258
1647479941255028737
1647482852475322370
1647483320257609738
1647483484984811520
1647483490613567490
1647483497236316160
1647484834422439936
1647485776274534400
1647486316781658112
1647487133676888068
1647493974330945536
1647494026231160832
1647494860725690368
1647494987448487937
1647494985657245697
1647494992556957696
1647495000182206464
1647495009166295040
1647495014937772032
1647495034361593856
1647495034147569666
1647495033497481216
1647495031731699712
1647500566073942018
1647500575473319937
1647501971765755905
1647501975519363074
1647504367958863872
1647504386585952256
1647504565711847430
1647504582153576449
1647507234132488192
1647508089065680897
1647509113222430722
1647509149985517570
1647509727721472000
1647510067422396419
1647510069527838721
1647510076218048512
1647510087513280514
1647510105607249927
1647510112339210240
1647510109533138944
1647510121767923713
1647510122715922433
1647510132404756480
1647511614004813827
1647513970738098176
1647515949665251330
1647516727192821761
1647519590593843202
1647519938796453889
1647520037245181954
1647520910423760896
1647521815181529088
1647523374946557952
1647524303070437377
1647525174638530562
1647525178065268741
1647525186009198597
1647525185900236801
1647525191822585857
1647525191604490240
1647525196666896384
1647525221006561283
1647525231194521600
1647525230036779009
1647526661020065793
1647526749175988224
1647527241444728832
1647528092481597441
1647528235985514497
1647530748612583424
1647531404232622083
1647536008110690304
1647537766773714944
1647538131896336384
1647538499883548673
1647539973477007362
1647540282404093954
1647540291455574016
1647540289454653442
1647540296740229121
1647540296350146562
1647540314771431424
1647540312913453057
1647540326851018753
1647540333264220160
1647540332542787588
1647540824689844224
1647541342178869248
1647542048705085440
1647542626017501184
1647543068109750273
1647543738888060931
1647544982260072448
1647545167031803904
1647545214675087360
1647546756182298626
1647547035397095424
1647547054841798657
1647547391028121601
1647548513411104769
1647548543085985793
1647548646336917505
1647548660824276992
1647549169618534400
1647549567288713216
1647553508437049344
1647554388087517184
1647554674470297602
1647555394800107524
1647555400248565760
1647555405147435008
1647555408653844480
1647555419491934211
1647555419018268672
1647555421559746561
1647555425783431175
1647555432385245187
1647555469723017217
1647555838402281473
1647557454496972800
1647558252941434881
1647559278029332480
1647559893635801089
1647560219197865986
1647560600367558658
1647561874760781824
1647562493609254912
1647567453579272192
1647567895080099840
1647568301634232322
1647568518806634499
1647570478217719809
1647570488011419649
1647570501630414849
1647570501584420864
1647570509410844673
1647570513550532610
1647570512174874624
1647570511679963138
1647570517841391616
1647570515828129795
1647570524938162176
1647570911627730947
1647571144503959558
1647571179916410881
1647571347118096387
1647571609295761408
1647571886488932358
1647572883055468548
1647572945697488897
1647574112020099074
1647574112020099074
1647574112020099074
1647574346859417605
1647574628452237314
1647574811869347840
1647575144800436226
1647575831122960389
1647578083896045570
1647578415900536833
1647580276070006786
1647580425915604993
1647581024228986881
1647582962660040704
1647583391368331264
1647584618634256384
1647584917272899586
1647585585060622336
1647585583932522496
1647585593235210240
1647585591889121286
1647585601472823301
1647585607470796800
1647585614202646528
1647585619021901825
1647585620183638016
1647585629226582016
1647589926861434880
1647590208680984577
1647590516782174208
1647595172014747656
1647595172014747656
1647598114331848704
1647598370033106946
1647598604721242112
1647599032565485568
1647600689286094848
1647600695057555456
1647600699847344130
1647600714578018304
1647600712124190722
1647600715152646147
1647600723071205379
1647600725499731969
1647600728553185281
1647600742985859074
1647602072387477504
1647603429001289732
1647603885278724101
1647604212493058049
1647604229010227200
1647604479183962112
1647607414995447808
1647608385196421120
1647608523319132161
1647609424926900224
1647609995352064005
1647610985673379843
1647611983728975873
1647612571837505536
1647613574825508864
1647614592191700992
1647615371061477378
1647615736238559232
1647615785810919424
1647615785261572097
1647615795823022085
1647615809760505856
1647615816928579584
1647615820577775617
1647615820044828673
1647615820040753160
1647615823681290241
1647615824113401857
1647618207757357057
1647618771597574144
1647620650742448129
1647620869005492224
1647621215488724994
1647621578790715392
1647622263213109248
1647622580625371139
1647622587382374402
1647623866196303872
1647625003687452672
1647626839530131456
1647627020241711106
1647628207858884608
1647628207858884608
1647629288848408577
1647629288848408577
1647630656460165120
1647630683500675072
1647630899914199044
1647630903483457536
1647630902858768384
1647630904255295490
1647630907627405312
1647630925776183297
1647630925474283521
1647630930385698817
1647630927227387905
1647631395907420166
1647632249083265024
1647633365267361797
1647634042647371777
1647634993605140480
1647636244887662596
1647636469358493697
1647637490889547777
1647637636540952579
1647638316139905024
1647639896767463427
1647640079869853696
1647641211228893187
1647642844071440386
1647643197449949187
1647643274188824581
1647643355998724096
1647644772507725824
1647644977516642307
1647645973886164997
1647645972783136777
1647645980764823552
1647646002113916931
1647646010942935042
1647646018815574018
1647646024121430025
1647646023714570240
1647646027317493760
1647646027258667010
1647646997275459588
1647647377262518278
1647647833607090176
1647648012926156801
1647648012926156801
1647648653736124417
1647649148496142340
1647649778698731520
1647650042755395587
1647650725709660160
1647650915271294976
1647651656044011521
1647651656044011521
1647652817513971712
1647653684367577090
1647653802743410688
1647656685530480642
1647656694388850696
1647657368421818368
1647658344331747330
1647658624901152771
1647658713447006208
1647660053191618561
1647660364648132609
1647661076006281217
1647661083019075586
1647661090707259398
1647661095736295426
1647661096482865162
1647661096327585794
1647661116485451778
1647661115059445760
1647661122252677125
1647661128346943490
1647661608120770560
1647661746411143171
1647661979278929920
1647662292824395777
1647662398223040512
1647662866814717959
1647663162437533696
1647663734200967168
1647663773719707650
1647664094118395904
1647664945335607304
1647665704118759425
1647666938271891458
1647668440558174208
1647668681726627841
1647669220954480640
1647670876937019393
1647670912425029637
1647673287391039491
1647673461630967808
1647675818439499776
1647676199160762371
1647676203275374592
1647676201341730816
1647676210225315850
1647676209965170689
1647676209218613250
1647676212607700992
1647676212267954177
1647676219477901314
1647676225735782402
1647676231989735430
1647676231989735430
1647676957658849282
1647677649869848578
1647679042043146241
1647679524501352450
1647679824234704900
1647679832874950656
1647680927688949763
1647681551721979904
1647681636941676544
1647681866437107715
1647681866437107715
1647684850223312896
1647686151891738626
1647686742441439232
1647687216045387777
1647687670095663110
1647688070647410689
1647689316766736385
1647690082151694336
1647691299108036608
1647691306402021377
1647691311061905408
1647691310982209541
1647691308553719810
1647691307874242561
1647691317764300804
1647691315981713411
1647691322851983360
1647691327289556992
1647691708824535044
1647692305183264768
1647693662313230337
1647694233141231618
1647697598893916163
1647698066961514499
1647698877984784384
1647699590836002816
1647699590836002816
1647699590836002816
1647699925893804036
1647700089706520576
1647701642878304258
1647701773514145793
1647704252771434496
1647704392974360580
1647704640161554433
1647705683079446533
1647706225201623042
1647706397705134080
1647706402687680512
1647706401001857025
1647706400422862848
1647706398908710912
1647706406777241601
1647706404810104834
1647706404675891203
1647706409377710085
1647706414620504071
1647706526059053056
1647707989812420610
1647709413107482624
1647709623653380097
1647710546765008899
1647710700993691648
1647711464428298242
1647712829330403329
1647712847005376512
1647713348983697408
1647713974098509831
1647715202996002820
1647715749706752007
1647716842373369856
1647716842373369856
1647719088184082432
1647719387653193733
1647719570654785536
1647719644432662530
1647720098323390464
1647720749539401730
1647721100703301636
1647721488454123522
1647721491130138626
1647721502328881153
1647721511522820099
1647721518619566082
1647721523141279744
1647721524806205442
1647721524193787906
1647721527327043589
1647721793313030145
1647722458215071744
1647723076161794049
1647723545949089794
1647724847496085505
1647726266114617344
1647727081357209600
1647729246968721410
1647730414146969603
1647732643058860039
1647736571523895296
1647736575634337792
1647736580134649858
1647736601903001600
1647736603693965314
1647736602138124288
1647736610497101826
1647736615417139202
1647736622090207234
1647736621293359106
1647736857352912896
1647738056688951296
1647739784113143808
1647739906385653762
1647740352579731459
1647740352579731459
1647741791687565312
1647743672740372481
1647744193429753856
1647744264997158912
1647744300774723584
1647747159498928129
1647747917812318208
1647748638570061825
1647751631549726723
1647751630165794816
1647751670829293568
1647751671987011584
1647751679574507524
1647751677263462402
1647751695768883202
1647751707416248321
