1649563929457090561
1649564004149350400
1649564610243231744
1649567359508652032
1649572096983302144
1649572734526013443
1649572851291402240
1649572916819001344
1649573805965168640
1649574074732154880
1649578563274952705
1649578681205944320
1649578689707884545
1649578690601267201
1649578698910081024
1649578717897805831
1649578717675507714
1649578724310786049
1649578726697365504
1649578729562071040
1649578763255009281
1649578962689859587
1649579175949238274
1649580073622679552
1649581070210469889
1649581112979599362
1649581112979599362
1649581543667408896
1649581671677677568
1649581700328849413
1649582094702501888
1649582132577071107
1649582233118732288
1649582233118732288
1649582457128091653
1649582457128091653
1649582646668804096
1649584402886799364
1649584677131280384
1649585144456511489
1649585358219378688
1649587172608016387
1649587805675200512
1649588322023653376
1649588504513347584
1649588504513347584
1649590686600278016
1649592938710614016
1649593778003484673
1649593788275347456
1649593800367435779
1649593806172585986
1649593808546414593
1649593810555478018
1649593813848174595
1649593842910330880
1649593840062300162
1649593854474027009
1649595163839176704
1649595457386213377
1649596967104675840
1649598173034283009
1649599823102746625
1649600484532191233
1649602507679875072
1649602668787277824
1649602864195436546
1649604444558970883
1649605423375458304
1649605625586876417
1649606587152224256
1649607550680330241
1649608882291892227
1649608920980127744
1649608925715607557
1649608933890314240
1649608931323289603
1649608937979756544
1649608937187188736
1649608948243214341
1649608956837257216
1649608958783438854
1649609368655237121
1649609569730015233
1649609569730015233
1649610911450304512
1649611048075546629
1649611839523762180
1649613206640533504
1649613341873278976
1649616363911249920
1649616672129425410
1649616786222989312
1649619114007179264
1649620970494128130
1649621528315559938
1649622229276143618
1649623904972054529
1649623988048474115
1649624000975208448
1649624006868230145
1649624017945370624
1649624028557250561
1649624026233569281
1649624041299296257
1649624049247567873
1649624053588676609
1649624059070541824
1649625714847563778
1649625849736441861
1649625871240626177
1649625872272326661
1649625888378462210
1649626156876824576
1649628038274097153
1649628919811698688
1649629232924950530
1649630793617031168
1649630793617031168
1649632904274739201
1649633897133625345
1649635594774138880
1649636789039116289
1649637846821601280
1649637877309927425
1649638574520672258
1649639056735649794
1649639065262628864
1649639072904761346
1649639080563548161
1649639099064565760
1649639098389344256
1649639104395583489
1649639145092927488
1649639151896080384
1649639151149498368
1649639473410351105
1649639531694510082
1649639952492433408
1649639990803013633
1649640643432415233
1649642353781616643
1649642663207919617
1649642703704010752
1649643491293528069
1649644071600758784
1649644147525943296
1649644556776886272
1649644731700506625
1649644792836501504
1649645191697932294
1649645191697932294
1649645611300397060
1649645690572746753
1649646491965837313
1649647151440441344
1649647371398029313
1649647669453676549
1649648127245266945
1649649721231695873
1649649737514258432
1649650905514663936
1649651251880009730
1649652600298434560
1649652926082609152
1649653996053991424
1649654027766882304
1649654207140511745
1649654213532880901
1649654224567906304
1649654228820934657
1649654234000896001
1649654238937530369
1649654245065457665
1649654250425729026
1649654261481979906
1649654260249034752
1649654269509869568
1649654323612352512
1649655097104769024
1649657588366159872
1649657754078904323
1649657787083833349
1649658264198475778
1649658430406418432
1649659550285565952
1649659838140432384
1649660040515559425
1649661008405839880
1649661745882087428
1649662264151248896
1649663004173058048
1649663374685241344
1649663639001919491
1649664714840985602
1649664719093899264
1649664833317490690
1649665140801908738
1649665314857132033
1649665362814803973
1649665442556813313
1649667164998189056
1649667337883119616
1649667372301811712
1649667550928683008
1649667550928683008
1649667560919449601
1649668006602059784
1649668458278158336
1649668780849545216
1649669244471111681
1649669361450246144
1649669919775105024
1649670667871350784
1649671440562618368
1649671647752863744
1649672289372217344
1649672299694415873
1649672753241309184
1649675739116044289
1649676913491705856
1649677072774692866
1649677634345869312
1649678603976601600
1649679135285862400
1649679140474302464
1649679254727032833
1649679752981094400
1649680611034931202
1649681869519167488
1649682049496653824
1649682680617791489
1649682690663387137
1649682989192826881
1649683519352733697
1649683760605196289
1649683864774901760
1649683965110808576
1649684028105142279
1649684077040091137
1649684318904545280
1649684405483388928
1649684413175799809
1649684419706232832
1649684422780678144
1649684422172581888
1649684432356511744
1649684438610071554
1649684443781529601
1649684441797742594
1649684458839191555
1649685388854738944
1649685394798116864
1649685560770830336
1649685617867882497
1649685869392199686
1649685885632356354
1649685962253910018
1649686613893738497
1649686937890873344
1649687191126155266
1649687294960361473
1649688256827514881
1649688732759474176
1649689040407482370
1649689608530059264
1649691696844742658
1649692055449264128
1649692468017786882
1649692505128968192
1649693412319166466
1649695235390205954
1649695907959431168
1649696986575060996
1649697470773952513
1649697924044013568
1649697994504040448
1649698049730441217
1649698248611844098
1649698272750059525
1649699104220499968
1649699129084313602
1649699157119053824
1649699415945248769
1649699532924411906
1649699548317597696
1649699547881324552
1649699547407425537
1649699553493368834
1649699560619425792
1649699557972877314
1649699557586919425
1649699557138153472
1649699557737889794
1649699946331766785
1649700316294651904
1649700489200640000
1649700546121433088
1649700629806215169
1649700629806215169
1649700629806215169
1649700629806215169
1649700629806215169
1649700629806215169
1649700629806215169
1649700629806215169
1649700629806215169
1649700629806215169
1649700707740667904
1649701385582018560
1649701642537689089
1649701778542264320
1649702000492179456
1649703058102800385
1649703196086902784
1649703370058334210
1649703852084453377
1649704929433464832
1649705190352617472
1649705415800680449
1649705820446154752
1649706200861409281
1649706837933948928
1649707149025525761
1649708010841702401
1649710138641506304
1649710138641506304
1649711228074307584
1649711735551524865
1649713215008546822
1649714337592795136
1649714464197885954
1649714591570509826
1649714617596145665
1649714616824373250
1649714622302232576
1649714625800183808
1649714623459860480
1649714630820782084
1649714631647035392
1649714639972995072
1649714646436270083
1649714649481244673
1649714739532922883
1649714828251123715
1649715082383728641
1649715254627106817
1649715425335300096
1649715495271124992
1649715751409037312
1649715877737119744
1649716113243090945
1649716403585335296
1649716813603766272
1649716830607384577
1649717154336636930
1649717390899290113
1649717472080150528
1649717983789432833
1649718087510372355
1649718179252273152
1649718227616821253
1649718847958577154
1649718892363755520
1649718923225341952
1649719137868947459
1649719221440638978
1649719409370451971
1649719557207072768
1649720382784434176
1649720637869420544
1649721399940980737
1649721653075615745
1649721950976069632
1649722213484879873
1649722403423911937
1649722714989682688
1649722751404462082
1649722748476747777
1649722778457714688
1649723472443068417
1649724251820179457
1649724739043115008
1649724739043115008
1649725499797536769
1649726663264010243
1649726794956668932
1649726800484859905
1649726803915808769
1649727186331418624
1649727186331418624
1649727186331418624
1649728315706716160
1649728404827111424
1649729310104715265
1649729497766264832
1649729711768064000
1649729717405188097
1649729716130131968
1649729721062551552
1649729725764448256
1649729729266700289
1649729734786392069
1649729736573059073
1649729736401354753
1649729756324151299
1649730271636488192
1649730339302940673
1649730396895027201
1649730995501821952
1649731026027962369
1649731122652229634
1649731536109928451
1649732146456657923
1649732853561786370
1649733148928770049
1649733197490470912
1649733295976988673
1649733299214876672
1649733304420057088
1649733302289399808
1649733305909096450
1649733842977054720
1649733859691446275
1649734360109842432
1649734987703283714
1649735105735270400
1649736009628647424
1649736213199192065
1649736358724882433
1649737063703404545
1649737166962974721
1649737518353448960
1649738343352270856
1649738540505501697
1649739239637098496
1649739324194447363
1649739359984156675
1649741489000333312
1649741566129459203
1649741582726230016
1649741749290508290
1649741891796189185
1649742321947222019
1649742474305236992
1649742760864366592
1649743421400133632
1649743542137376769
1649744199758106624
1649744650125623296
1649744688843313153
1649744815372873728
1649744818837286912
1649744825628123141
1649744825087037442
1649744822012465156
1649744829625126914
1649744826697494529
1649744846620352513
1649744852018421760
1649744858259529728
1649745715164246018
1649746205381935106
1649746211224649728
1649746345794625536
1649746832652660736
1649747530664628224
1649747581805686784
1649747849066827776
1649748170618839042
1649748244472135683
1649748324839202817
1649748970837536769
1649749261989322752
1649749267777462274
1649749952745332742
1649750855120306179
1649750869846511621
1649751103679102978
1649751335439331332
1649754080942628864
1649754707017998338
1649755099370061826
1649756185447526400
1649757150900568066
1649757288477892611
1649757595932950531
1649757700715167745
1649757976595447808
1649758026004406272
1649758031486283777
1649758230292099072
1649758832736755713
1649759793672867840
1649759916112977920
1649759914921713665
1649759919589998592
1649759918801448968
1649759923327352833
1649759933737385987
1649759930964930560
1649759945225535488
1649759945150046209
1649759953945501696
1649760476153118722
1649760547519201280
1649760688829595649
1649760932795490307
1649760932795490307
1649761302754074625
1649761302754074625
1649761302754074625
1649761927000907776
1649761995980259338
1649762408171446275
1649762633153757185
1649762633153757185
1649763092962607106
1649763097337315328
1649763566747021313
1649763939427975169
1649764269938884608
1649764442794766337
1649764768373243905
1649764768373243905
1649764768373243905
1649765379655254017
1649765745323024384
1649765911476453376
1649766007328612352
1649767028574547968
1649767112972402688
1649767290882203651
1649767513138372608
1649767514748997636
1649767566120824832
1649767882492919809
1649768938731974657
1649769151710351360
1649769374352556032
1649769881154330625
1649770487038488576
1649771022080528386
1649771678220574722
1649772202290552834
1649772740813942788
1649773369108119553
1649774024032149509
1649774117875318785
1649774372817600514
1649774518779678727
1649774722475802626
1649775023987499013
1649775036453060608
1649775041616179200
1649775040890585088
1649775040584462336
1649775039670112256
1649775038751490048
1649775042681610240
1649775053880406017
1649775051099762689
1649775071186112512
1649775311570042882
1649775480575496193
1649775523856302080
1649775532567846912
1649775535222845441
1649775554004910081
1649775810780311557
1649776060085465088
1649777119235325954
1649777619876081664
1649777735793778689
1649777838503911426
1649778227294994440
1649778660218490881
1649778747631910917
1649779051014258688
1649779070865907713
1649779210750246914
1649779345479671808
1649779451478024193
1649779602137464832
1649779631858262016
1649779743883919360
1649779790902075393
1649779810602975233
1649779971119013895
1649780635890860033
1649781399157702656
1649781450164563972
1649781927287853057
1649782042555498500
1649782296705130497
1649782417299841026
1649782444181139457
1649782571092393985
1649783400784437251
1649783416173350913
1649783700270325761
1649783860803121153
1649783861738389505
1649783984203747328
1649784118123560960
1649784346470141952
1649784423179591682
1649784511972999171
1649784686812577792
1649784953176043522
1649784976634703873
1649785383666823168
1649786335169740801
1649786542129283073
1649786595791314944
1649787024591794176
1649787319652687872
1649788397521862656
1649789168740978690
1649789424169779200
1649789475478966278
1649789606332694529
1649789968292691970
1649790125646151681
1649790133011374080
1649790137713442816
1649790137629384705
1649790153941192705
1649790153806823424
1649790153735430144
1649790152418422784
1649790150375886854
1649790154796593153
1649790490802372617
1649791026561777665
1649791531677794307
1649792168125509632
1649792486607400961
1649793061885493249
1649793088729088002
1649793179229601793
1649793326118322177
1649793794609655809
1649793939577208833
1649793981843386368
1649794114026700803
1649794114026700803
1649794165692153936
1649794498438766599
1649794785190858752
1649795022810750976
1649795352256724992
1649795585636020226
1649795715189620738
1649796034170871809
1649796207156314113
1649796505086177284
1649797000609579010
1649797022596120576
1649797326616031235
1649797423009521664
1649797540676509699
1649797703444905985
1649797740325490691
1649797927626326016
1649797927626326016
1649798558747357184
1649799177981812737
1649799766417584128
1649801123857940489
1649801592449687556
1649802389493366785
1649802712521818113
1649803281005256704
1649804715205574660
1649804983569723393
1649805099592568834
1649805232430358529
1649805229741813762
1649805235831930884
1649805240827273216
1649805240626184193
1649805239241908225
1649805237920714755
1649805243142504449
1649805246611292161
1649805253133336576
1649805527776387073
1649805534495911936
1649805564770123778
1649805898422861824
1649806423239344128
1649806825020071938
1649807101433110530
1649807106420113409
1649807108848664576
1649807111642136576
1649807224796217347
1649807493889966080
1649807923021856775
1649807975945494528
1649808124860149763
1649808871182180352
1649809366881632258
1649809973495615488
1649810104647073795
1649810162373337089
1649810461813272576
1649810524765401090
1649811491003023361
1649811554940907522
1649811563287592966
1649811936350023680
1649811999319007233
1649812231431880704
1649812727869702144
1649812862439759877
1649812863496617984
1649813824630054912
1649813982599868418
1649814102628286464
1649814507642912768
1649814882811019265
1649815563969888256
1649815695188713472
1649815881365504001
1649815942782697475
1649818019680460800
1649818083572305921
1649818454260858880
1649818485260730369
1649818809035833346
1649819453813653506
1649819532314177536
1649819618180055049
1649819829916901378
1649820318549131267
1649820324412682243
1649820324236603393
1649820331727548417
1649820334663643142
1649820332654571522
1649820340288192513
1649820344142778370
1649820350748979200
1649820351575072768
1649820357111554048
1649820443384086528
1649820886269145089
1649822160083402754
1649822376912121861
1649822455102423041
1649822709268750350
1649823203404156928
1649823355762102272
1649823473899044870
1649823933909049348
1649824001680904192
1649824299358867457
1649825747089997824
1649825778417238016
1649825778417238016
1649826290860425216
1649826324813324291
1649826589662760961
1649828366554632198
1649829307915575296
1649829547410350080
1649830833207779330
1649830985364652032
1649831238453145600
1649831292874153986
1649831708500414464
1649831708500414464
1649832262391742466
1649832691842334721
1649832692211384323
1649833319553720321
1649834316816429056
1649834516582739972
1649834640486592512
1649835336845885446
1649835387693539328
1649835393326383106
1649835399160709120
1649835402595819521
1649835418513276928
1649835446053265408
1649835449878302723
1649835455725150214
1649835453418287105
1649835540978585601
1649835776065019905
1649836852197613573
1649837009295245315
1649837009295245315
1649837513425420288
1649838226943737858
1649838751206498304
1649839093310795777
1649840044838993925
1649840099004145668
1649840609203572742
1649840614505103360
1649840836644073472
1649840898358870020
1649841352845189122
1649841941759098880
1649842204192518149
1649842344571682818
1649842779529289729
1649842826140581889
1649844016756953088
1649844209153724416
1649844343081934850
1649844355794968577
1649844455522947073
1649844628139524099
1649845136392683520
1649845164251271170
1649845176242786308
1649845205313495042
1649845298368335873
1649846154421583874
1649846584581005319
1649846810582679552
1649847154628861953
1649847211784634369
1649847261663223809
1649847383453319174
1649848025827639302
1649848321974980610
1649848487012446208
1649849020976709632
1649849071560011777
1649849281430319106
1649849849032876035
1649850054524432388
1649850460923199488
1649850530116816896
1649850534827008000
1649850538681409538
1649850536483766272
1649850541516677121
1649850544335323137
1649850551771832320
1649850549028651010
1649850555643166723
1649850555471110145
1649851008795680772
1649851470525636609
1649851726931927040
1649851811371548679
1649851844653457408
1649852023624400897
1649852505138798593
1649853267466231809
1649853624221155330
1649854133334077442
1649854202024214528
1649854202024214528
1649854202024214528
1649854694209245184
1649855081913675776
1649855340886872066
1649855487540592646
1649856289118248961
1649856419754065921
1649857143141531650
1649857202574721024
1649857202574721024
1649857243276296193
1649857594113118210
1649859472477528156
1649859790762328065
1649859890549014531
1649859933851058176
1649860442431291395
1649860515689029632
1649861258223697920
1649862932329639940
1649863052311908352
1649863445292908545
1649864541377904640
1649864757954981893
1649865090110304259
1649865634707120134
1649865636988739588
1649865636804194309
1649865636275781633
1649865635160006657
1649865641594171392
1649865645184434177
1649865647268962305
1649865645859717121
1649865648242147328
1649866056045846528
1649866056045846528
1649866322891755521
1649867282200313857
1649867368703688705
1649867643996762114
1649867809248399360
1649868836911415296
1649868840111669249
1649869254454288384
1649870800852328449
1649871698211004417
1649871968345399296
1649873759103332355
1649873821199900684
1649874495367176198
1649875244058902535
1649875284068368386
1649875692824276993
1649876189845024769
1649876269671104512
1649876500857094145
1649876603558608898
1649877025698590721
1649877034598907904
1649877825564950529
1649878073343619073
1649878520363974657
1649878954747084802
1649879852642713607
1649879976299167745
1649880067437211648
1649880387257262080
1649880703205625857
1649880706871336963
1649880706426732544
1649880716589629440
1649880714408611840
1649880713523519490
1649880733937201155
1649880739079417857
1649880744477458433
1649880750102138882
1649880754715852801
1649880756410253312
1649880932306890753
1649881856723042306
1649881902881308674
1649881910385025024
1649882337214095362
1649883047117070336
1649884027350835206
1649884027350835206
1649884439323852802
1649885604446892033
1649885857048920065
1649885984048271362
1649886624237461504
1649887147560665088
1649887272941092866
1649887864065343489
1649888542988939265
1649890345788878851
1649890586135089153
1649890602836971520
1649891143985889283
1649891441131372545
1649891578217938948
1649891684224843785
1649894238799241217
1649895231133831173
1649895460549607424
1649895805254266881
1649895804600205313
1649895813848666112
1649895822971027457
1649895837487755265
1649895840096608256
1649895844970151938
1649895843309277186
1649895851949535251
1649895850796015618
1649897256991039490
1649897828435542016
1649899669529542658
1649901049363283970
1649901161686913024
1649901286509125633
1649901466151186437
1649901465018802178
1649901544010031104
1649901911439560706
1649902043350413326
1649902413329907712
1649903834355867652
1649905247358255104
1649905790424322049
1649906484728197126
1649906697652121608
1649907411451297793
1649907500806750210
1649907559371878409
1649908407447502851
1649909531596537859
1649910851111903232
1649910865334861830
1649910867205541890
1649910880014827523
1649910888340815872
1649910896343371777
1649910903842668545
1649910900059435008
1649910905210040320
1649910913590239233
1649912808115519488
1649914087789281282
1649914087789281282
1649914087789281282
1649915212793823234
1649915418339864576
1649915754249179137
1649919437712027649
1649919749575376900
1649921090322415617
1649921818407444480
1649922230262853633
1649923531671478273
1649924086192123904
1649924977246740486
1649925149997649920
1649925345712144385
1649925361545932801
1649925935867613184
1649925941940965376
1649925967941615617
1649925992683560960
1649925994973900801
1649926013864869890
1649926013256695808
1649926026271821824
1649926043678171136
