1648839142778847233
1648839244390219776
1648840115416883201
1648841077577621505
1648841332427837440
1648841756312735745
1648842025205223427
1648842414189170688
1648844334467551232
1648844391585284098
1648844661526544385
1648844966397878279
1648846442877046785
1648846839112712193
1648848129968488449
1648848908804673537
1648851794234322945
1648852759410778112
1648853513806413826
1648853933647880194
1648853948126699521
1648853959484776448
1648853961024102403
1648853968200826880
1648853970650116097
1648853973300805632
1648853977897869313
1648853981559488512
1648854027906478082
1648854056318763008
1648854578673188866
1648855088473989123
1648855838700740609
1648855846896672768
1648857448655073281
1648857516669804550
1648858922030170115
1648859318471782400
1648859907767017472
1648862486794305538
1648863051485937664
1648865046896713729
1648865728043552768
1648865889834475521
1648866717077053440
1648867875124281345
1648868370161479685
1648868545306980352
1648869028985729029
1648869029472264193
1648869045351985152
1648869047981727744
1648869058434023425
1648869078604423168
1648869084447252480
1648869081695625218
1648869080894517266
1648869086317752322
1648869096912744448
1648869640200749057
1648870367824601091
1648870371851108352
1648873016078508034
1648874597461155842
1648874674695053313
1648875051100381185
1648875108159610882
1648876448634007552
1648876480917803009
1648876518800605187
1648876539939880960
1648876933797629956
1648877646409809922
1648879835534458880
1648880923990167552
1648880955631730694
1648882406705840129
1648882771937427459
1648883652900581377
1648883696500637697
1648883759171928064
1648884099589734401
1648884123124002817
1648884139045658624
1648884143504105472
1648884142787166209
1648884149682413569
1648884149493669888
1648884157702107137
1648884170888822787
1648884575634849796
1648884646422167554
1648884879814451201
1648885967040958465
1648886207009497088
1648886732283318273
1648886888772796418
1648887958777241600
1648888678125654016
1648888732534165509
1648889606321086465
1648890498411642880
1648890569580748800
1648890636123111424
1648890636123111424
1648890907721371648
1648891626637471747
1648892409575800833
1648892588722728961
1648894563787079680
1648895863077601280
1648895936838369280
1648896418831298560
1648896644723687425
1648897000178429957
1648897457412087809
1648897931951390720
1648899237084639232
1648899241153011713
1648899238003089408
1648899253018800128
1648899258437996544
1648899264003678209
1648899281665892352
1648899280219037696
1648899287110000640
1648899286027911169
1648899875080376320
1648900545078349825
1648901200371421185
1648901625090813952
1648902439511408642
1648902561368252422
1648902666871816193
1648904124552069121
1648904905145425920
1648905321308635136
1648906444136239105
1648907645510643712
1648910143831126017
1648911451845955584
1648911478655791104
1648911971272769538
1648912151405293568
1648912513281449987
1648913398053187584
1648913600835362816
1648914338160279553
1648914345445793792
1648914345324163072
1648914343705059331
1648914346087424001
1648914357345038336
1648914356401319938
1648914355285639168
1648914355163914243
1648914360209747972
1648915643490615296
1648916023897366531
1648916144017883136
1648916236963659777
1648916362532728832
1648916885629435904
1648917271874551810
1648917311296864256
1648917398278270977
1648917945031032833
1648918480983412738
1648920642429878272
1648921663747047424
1648921695783190528
1648921706969411584
1648921858710941702
1648921991087370240
1648922262626500608
1648922282641838082
1648922717465239555
1648922774738436102
1648923085255372800
1648924046640263171
1648924581569384448
1648924687802552321
1648924750868013056
1648924859542405120
1648926138914295808
1648926975145156608
1648927163477815296
1648927254263521280
1648927820083793922
1648927858880913408
1648927996248576000
1648928060916350977
1648928493713932289
1648929037941612544
1648929287280508930
1648929356067028996
1648929444692623361
1648929448010424321
1648929449860112384
1648929449478594561
1648929462472388608
1648929471427227648
1648929477467033600
1648929477261500416
1648929478951796736
1648929485457174530
1648929540570329092
1648929576851066880
1648929776411762690
1648929991529230336
1648930988288868353
1648931047940272128
1648931072036446208
1648931624501821441
1648931752822571009
1648932346760970241
1648932428944232451
1648932713204707328
1648932850463576065
1648933284406087680
1648933327812820993
1648933330107211776
1648934036218232833
1648934542462394372
1648934797153107970
1648934975058706433
1648935133636882432
1648935559568543745
1648935838779166720
1648936139527446529
1648936581716221952
1648937086425153537
1648937289383567361
1648937639167291394
1648938282829467648
1648938853112184832
1648939612067201026
1648939748877107202
1648939748793147393
1648939807559622656
1648939888119631872
1648939994457997312
1648940239409549313
1648941655628603392
1648942272128450563
1648942867530874885
1648943912550125568
1648943983647682560
1648944017298653184
1648944089562513408
1648944181216268288
1648944183288135681
1648944521714049024
1648944529326604288
1648944532455661571
1648944535546863617
1648944540592791552
1648944561979289603
1648944565263683585
1648944567092396032
1648944577032728577
1648944580081983489
1648945105339043842
1648945275287814147
1648945409996234754
1648945566850662401
1648946153650814977
1648946349025677312
1648946737220931584
1648946737220931584
1648946750638505986
1648947114146164738
1648947427301371905
1648947611393482752
1648947783225729027
1648947983751208964
1648947989103230976
1648948440880259072
1648948599806623747
1648948612573831169
1648948623831359488
1648948771500314626
1648948879004672000
1648948886218702848
1648948948827078656
1648948975599271937
1648949437681524740
1648949454416773120
1648949958245056512
1648949961122299911
1648950417814962176
1648951132884959233
1648951173947195393
1648951279757012993
1648951356408090624
1648951628538494978
1648951860361871362
1648951949801185281
1648952236066631681
1648952321265799168
1648952390383554562
1648952600199348225
1648955186310795265
1648955683067293696
1648955686921949187
1648955862260523009
1648956191379259393
1648956949722021890
1648956967833010178
1648957345458802688
1648957502568931328
1648957596936617990
1648958367753203712
1648958858986143744
1648959038757953536
1648959495580573698
1648959503562420230
1648959659292729344
1648959659393294336
1648959657652764672
1648959664644853766
1648959662471933953
1648959664443338753
1648959672957665280
1648959681832841216
1648959678980694016
1648959682827141126
1648959925094080513
1648959992555266048
1648960334827331585
1648960938203049985
1648961146769276930
1648961310476886016
1648961716770750465
1648961716770750465
1648962033105137665
1648962141506945025
1648962145537720322
1648962702969040897
1648962763681673219
1648962775069196289
1648963116250673153
1648963599908458496
1648963726366703620
1648963795258097664
1648964235102150659
1648964541529702401
1648964914285821953
1648965383825629184
1648965400263049222
1648965430130737154
1648965725757767681
1648965915910840320
1648966592087093248
1648966685200896001
1648966903145148416
1648967058640470017
1648967293798428673
1648967293798428673
1648967355702169612
1648967363600031748
1648967460282851333
1648968083539894272
1648968159032901634
1648968658964860928
1648968658964860928
1648968723485663233
1648969677278789639
1648969719804772353
1648970219371524096
1648970392143556608
1648971258736914435
1648971515298291717
1648971652787494912
1648971706210430977
1648972291286417408
1648972518571532289
1648972754299887617
1648972756107632641
1648972984248328193
1648973067203248128
1648973105157513219
1648973429163565056
1648973637540610049
1648973807804198912
1648973888817078272
1648974218825023490
1648974267126788096
1648974333342015490
1648974344977018885
1648974438694629377
1648974640746774529
1648974711571750917
1648974715149602818
1648974722619658240
1648974732719448065
1648974767033024513
1648974766479376384
1648974770975678466
1648974782854234113
1648974792492457986
1648974842513768449
1648975290142707712
1648975384044511234
1648975900325576704
1648977128443002881
1648977361566588930
1648977550016667648
1648977570950463490
1648977802480300032
1648977928212889603
1648978432657616897
1648978629068742656
1648978629068742656
1648978629068742656
1648978704599773186
1648979048381521922
1648979560678014976
1648979874629951489
1648980092435980290
1648980153534488576
1648980249814630400
1648980247616921600
1648980959004356608
1648981134405926913
1648981698212773889
1648981803779096576
1648982596431249409
1648982998493147136
1648984139776004096
1648984916334346240
1648985049126109189
1648985262750400513
1648985621015265280
1648986091284725767
1648986495653494786
1648986705444364290
1648986840852996096
1648987008675586048
1648987666728230913
1648987886203686914
1648988371761479680
1648988813518155777
1648988843440259074
1648989012466577409
1648989403619147776
1648989789511720960
1648989839142842374
1648989845476311040
1648989847879659520
1648989854422769665
1648989853554470917
1648989869077827584
1648989876446953474
1648989873292886020
1648989872659505152
1648989878439366656
1648990039043448832
1648990160313352193
1648990230962110464
1648990660316528641
1648990804860456960
1648990931314409473
1648991050441142272
1648991549814890496
1648991766127996928
1648991919417049088
1648992010160816130
1648992151076782080
1648992178444591107
1648992532167110656
1648992543462285313
1648992837701103616
1648992952885100545
1648993371363344387
1648994054712233984
1648994160270098432
1648994198689914880
1648994519629586434
1648994782008541184
1648994967799332865
1648995051207360512
1648995357206933505
1648995509292466176
1648996194410954752
1648996212341710850
1648997363237756929
1648998302061297664
1648998337155039232
1648998342083375105
1648998347544440832
1648998351092740097
1648998361234649120
1648998357702934532
1648998367651823616
1648998371808485376
1648998595306090496
1648998758766575619
1648998899103805440
1648999774299856897
1648999910849626113
1649000290383720448
1649000475029643264
1649000510739947521
1649000630906937350
1649000671264272385
1649000706311856130
1649000965968736259
1649001032012234755
1649001046356770816
1649001048252506113
1649001212426047495
1649001370228338688
1649001494580961283
1649001641071501314
1649001899729866755
1649001977748295680
1649002003719241728
1649002344439332865
1649002733364473856
1649002765111140359
1649002770228297730
1649002785252229120
1649003064165117952
1649003387457789952
1649003430864736256
1649003506907348997
1649003872583667713
1649003905118789636
1649004304722808833
1649004357805899776
1649004517827178496
1649004566023917568
1649004882366545920
1649004917485449217
1649004960493740037
1649004959784902656
1649004971205992448
1649004975975026688
1649004972384681984
1649004978608955393
1649004977690484736
1649004982350249984
1649004980974567426
1649004986028703746
1649004993163464705
1649005078664163333
1649005871874048001
1649006022961295360
1649006346581295104
1649006478186147840
1649006551938506752
1649007500455206913
1649008131857436673
1649008251617304577
1649008348933636096
1649008474238472193
1649008487043858432
1649008564042596354
1649008642186702849
1649009928206524418
1649010027561197569
1649010127519850497
1649010802928517122
1649010989814218752
1649011212338724864
1649011250062323713
1649011513259175937
1649011944127340544
1649011980336807938
1649012019486507012
1649012205382250496
1649012248579276802
1649012468058841089
1649012538556796930
1649012685999153154
1649012903956164612
1649013223348219904
1649013465174900736
1649013733740404737
1649013809426710528
1649013867152920577
1649013934970613762
1649014212218220546
1649014281269116931
1649014296427352066
1649014318782873603
1649014647561879553
1649014760917041153
1649014789056737283
1649014822069993472
1649014831788314625
1649014989204725763
1649015516483186688
1649015856549036034
1649015879877656576
1649016304534265856
1649016309038956544
1649016309038956544
1649016309038956544
1649016309038956544
1649016309038956544
1649016309038956544
1649016309038956544
1649016309038956544
1649016309038956544
1649016310393708544
1649016319340060672
1649016354811400192
1649017095919661058
1649017280137777152
1649017337318723584
1649017365839978499
1649017450464174080
1649017451756285952
1649017527320625153
1649017555170779136
1649017814936584194
1649018241661165570
1649018295293542400
1649018378420363265
1649018379422801921
1649018416903122944
1649018641243860997
1649018697934143488
1649018884744151044
1649019199988334592
1649019216517890048
1649019253880762368
1649019253880762368
1649019281399595009
1649019406595268610
1649019472311726080
1649019593631973377
1649019844300349442
1649019898838827008
1649020048688787456
1649020054061608961
1649020050727219203
1649020061724688386
1649020066841653248
1649020070813679617
1649020073993019394
1649020073015738371
1649020076828270594
1649020076308283394
1649020154481721344
1649020448561152002
1649020564596465666
1649020594325950465
1649020776954175488
1649021182262345729
1649021589994840064
1649021666276646913
1649021788355952640
1649022098298519553
1649022109199286273
1649022215105523713
1649022359351832576
1649022401181564929
1649022500112678913
1649022758645374976
1649023302285795331
1649023498512216064
1649024451650961408
1649024651618648069
1649025522536443905
1649025524927217665
1649025609887014914
1649025609887014914
1649025694280589315
1649026097990844416
1649026435460235264
1649026865888210947
1649027015633256449
1649027021693911044
1649027097665339393
1649027107819855872
1649027108662923264
1649027230322794498
1649027306382295040
1649027799557062656
1649027829214900227
1649027878674132992
1649028283059634178
1649028453109252096
1649028641571864576
1649029364946706432
1649029612171558912
1649029702537846793
1649029904762036224
1649030069040427010
1649030209503662082
1649030350075576320
1649030381591490560
1649030429394051073
1649030672323936258
1649030939924889604
1649031096460365831
1649031122615955456
1649031304715927552
1649031310231457792
1649031376505536512
1649031394717315073
1649031544546230273
1649031575051403266
1649031788780453888
1649031838235602944
1649031941952360448
1649032000538558464
1649032103877541888
1649032110663933952
1649032168042110976
1649032229119467531
1649032364738109444
1649032386741403648
1649032481776222208
1649032652438007808
1649032674214912002
1649033104353263626
1649033149463011330
1649033285954043904
1649033816802033664
1649034018296328193
1649034087578075136
1649034107194679296
1649034166296621056
1649034229420896257
1649034257220739074
1649034371058356225
1649034371058356225
1649034681290194946
1649034901570609154
1649035149957386240
1649035157108584448
1649035160606654464
1649035170316681216
1649035170287321088
1649035169938980864
1649035168793886721
1649035168563310593
1649035172073943042
1649035172036198400
1649035178763857920
1649035175395721219
1649035185743175681
1649035188322615296
1649035191292231680
1649035354962374657
1649035546121871363
1649035857536380929
1649035888955998208
1649035954357772289
1649036252702814208
1649036360437702658
1649036443501592577
1649036471377199111
1649036922805682176
1649036987511238657
1649037684902338568
1649037723129315330
1649038074549092353
1649038204551544836
1649038259601698820
1649038311900553217
1649038461280632833
1649038495791345667
1649038501260795904
1649038722506129414
1649038869210210305
1649039083551830017
1649039239877906434
1649039462670934017
1649039517137993729
1649039691067301890
1649040100385255424
1649040161726951426
1649040358897070080
1649040444070789130
1649040485384851457
1649040674392801281
1649040674392801281
1649040708169265152
1649040765388230663
1649041161883926528
1649041362392842240
1649042105690464257
1649042165719527425
1649042169364385794
1649042186615369728
1649042634399453192
1649042741823774720
1649043193344716800
1649043281890910212
1649043463466360832
1649043469678137345
1649043475839451136
1649043482541948928
1649044042033029122
1649044051017240576
1649044114158100481
1649044419704700930
1649044631462584320
1649044658524241923
1649044687368638464
1649044918512529410
1649045042810748932
1649045097969860608
1649045144581308419
1649045177871237120
1649045384206114820
1649045472613634049
1649045545573392385
1649045758182834176
1649045967583469572
1649046354545573889
1649046427635445760
1649046462775414785
1649046523416842244
1649046526205861888
1649046570149752833
1649046972131848192
1649047066314940417
1649047066314940417
1649047066314940417
1649047478053007361
1649047595543842817
1649047625247891456
1649048043193524224
1649048042320822272
1649048079541342214
1649048219106832384
1649048462867181569
1649048652634271748
1649048868783534081
1649048937037451268
1649049036077543426
1649049108030828546
1649049338163888128
1649049365816934409
1649049370028040194
1649049549359706113
1649049869930369028
1649049908509564935
1649050159085670400
1649050259371474950
1649050259228860424
1649050270142431233
1649050268661866498
1649050272126349312
1649050278325538816
1649050277616680960
1649050277402800132
1649050575680708609
1649050753313705986
1649050924214816769
1649050952232763392
1649050974751948800
1649051294831882245
1649051654216626178
1649051776040185857
1649051807501664256
1649051958656012293
1649052257844072449
1649052274264793090
1649052276991074307
1649052280539484170
1649052547863433216
1649052583758303234
1649052609356115977
1649052637718020099
1649052713962082316
1649052888134721536
1649052902856740865
1649052952513089538
1649053013066252293
1649053130309636096
1649053172705665026
1649053440155455497
1649053696318410756
1649053779655004160
1649054154428657673
1649054179388952579
1649054276961067009
1649054307709505537
1649054347945467904
1649054398218371073
1649054574853128193
1649054747067039746
1649054882274643970
1649054963186958341
1649055014491688968
1649055153193111555
1649055223791636488
1649055290590130181
1649055371892514817
1649055399138705412
1649055406583582721
1649055559327580160
1649055559327580160
1649055808855089156
1649055888911785987
1649055893949136901
1649055892141379590
1649056192893976578
1649056214926635012
1649056453955833856
1649056556997046272
1649056661624225792
1649056674278416384
1649056810148720644
1649057071768420355
1649057181587701761
1649057336890122242
1649057438182653954
1649057572010307584
1649057675530076168
1649057693544456192
1649057838746988545
1649057838009028609
1649057848540659712
1649057945177522180
1649057945177522180
1649057945177522180
1649057966807736322
1649058107476041731
1649058203408146432
1649058592819929090
1649059059482640385
1649059066658865153
1649059227959279617
1649059243235102723
1649059374508175362
1649059551830761472
1649059552279625728
1649059846963220483
1649060323066798080
1649060433184129025
1649060545059000321
1649060757391253507
1649061144101892097
1649061356224536576
1649061887911378944
1649061894634852352
1649061933222359040
1649062059143995394
1649062423880515587
1649062804039647233
1649062897102848003
1649062969639092226
1649062988358270978
1649062998009339904
1649063007782141952
1649063060420558851
1649063069442514944
1649063139730653186
1649063194843856899
1649063317728575495
1649063409013469185
1649063413593546752
1649063896198819840
1649063955996848129
1649064119377510402
1649064126885363712
1649064183994908673
1649064294435176449
1649064692327886848
1649064757478019074
1649065143484002307
1649065240712347648
1649065257074139136
1649065347012763648
1649065350791835648
1649065356370247681
1649065355028099072
1649065363626401792
1649065361659293696
1649065371717238784
1649065370278576135
1649065377081737216
1649065377064787969
1649065395578605570
1649065462783700994
1649065478927659009
1649065501430251521
1649065725670113280
1649065770364678151
1649065887809273856
1649065938912681985
1649066076750135303
1649066081351266305
1649066101559402497
1649066563901837313
1649066688090984449
1649066720236019713
1649066838737707010
1649066902457577473
1649066911236255745
1649067818816602115
1649067972638507010
1649068018754809857
1649068246933413889
1649068342085406721
1649068534667055106
1649068564706369537
1649068579533254658
1649068643685105667
1649068772249022464
1649068827869683717
1649068988482166790
1649069154790526981
1649069163715936257
1649069203763101697
1649069206170730500
1649069240710840323
1649069303730249728
1649069514124926977
1649069738469752833
1649069916270788608
1649070077201854464
1649070412821676034
1649070424930566145
1649070605445242880
1649070681059885057
1649070811204952065
1649070872513351682
1649070882051039232
1649070938149867525
1649071121499602944
1649071252038995970
1649071476195180544
1649071586014638080
1649071706483425284
1649071726339272705
1649071915279982594
1649072023316881409
1649072074080567303
1649072131655729152
1649072166573420544
1649072176660717569
1649072258865074176
1649072334639169536
1649072349860200449
1649072721005772804
1649072851813560321
1649072935531847680
1649073268794576896
1649073359773392898
1649073510541828096
1649073592003436545
1649073643559825409
1649074027057782785
1649074175028387840
1649074210294071297
1649074445758214150
1649074559801335808
1649074665996812291
1649074856657338368
1649075176728850432
1649075261726400515
1649075349710417921
1649075449778110466
1649075538466594817
1649075659497521152
1649075717647355905
1649075789017542656
1649076170313326594
1649076241440358400
1649076458097352705
1649076681351524359
1649076718701879296
1649076719930703874
1649077219862495232
1649077260459077633
1649077372686069763
1649077419561631745
1649077446535442432
1649077686717800452
1649077699908972546
1649077705046994947
1649077846193602564
1649077896428806144
1649077988321894402
1649078146480652296
1649078197475061760
1649078289946796033
1649078501167726592
1649078622005723136
1649078844530229249
1649078915359539200
1649079005763493888
1649079017964961797
1649079155600809987
1649079241332383745
1649079308474826753
1649079466302271493
1649079767583301635
1649079803688136705
1649079882641448964
1649079970399141889
1649080010089676802
1649080089668091908
1649080292609515522
1649080354597138437
1649080400675844096
1649080447761285120
1649080449170395139
1649080454413180928
1649080452823629827
1649080459916189697
1649080459866038273
1649080458792124421
1649080461228949516
1649080466614669312
1649080478220034049
1649080494888480771
1649080615088816128
1649080630003613698
1649080643010146307
1649080713252143106
1649080722081173505
1649080735234658305
1649080734991147012
1649080892755791877
1649080934061297665
1649080961638838273
1649080995377709056
1649081077917532161
1649081246125813766
1649081326870355976
1649081568164474882
1649081734498254848
1649081762885115905
1649081778676662272
1649081813812355073
1649081818530938883
1649081990619049985
1649082232122888192
1649082392949260293
1649082655193849858
1649082789646462979
1649082803634466817
1649082835905679361
1649082994110373894
1649083104387305472
1649083174905950209
1649083285333745664
1649083301183860740
1649083323933769733
1649083468314210305
1649083598169948163
1649083598169948163
1649083637906944000
1649083780437622784
1649083926978215937
1649084052962521090
1649084166909353984
1649084224790573056
1649084284228210690
1649084295019999232
1649084433356537860
1649084509504278528
1649084722965004293
1649084878380490753
1649084953592836100
1649084957816496128
1649085155267706880
1649085191074480128
1649085285375025153
1649085778931351555
1649085875777597440
1649086445439664134
1649086584518770689
1649086608237383680
1649086615250247685
1649086903176556545
1649087227962458112
1649087247629844480
1649087305913888769
1649087438688600064
1649087520158670848
1649087520158670848
1649087520158670848
1649087805895868418
1649087894814965772
1649087965199736833
1649088029527801856
1649088033889697801
1649088093704667136
1649088096435150853
1649088169856602115
1649088184637358081
1649088206162509825
1649088210662834180
1649088208561487899
1649088577870131201
1649088621427974146
1649088754500399111
1649088905998893061
1649089273801605120
1649089374590582792
1649089526986584064
1649089542513741825
1649089592937660423
1649089641159753728
1649089654602485766
1649089713851240449
1649089721790758912
1649089801797378048
1649089883540017152
1649090038494556161
1649090163346227203
1649090206748819456
1649090417076613120
1649090442724798469
1649090768689311744
1649091052660486145
1649091134507958276
1649091485768499200
1649091586033086464
1649091608137154565
1649092419684827140
1649092469076938753
1649092542624067585
1649092564736446465
1649092578170781697
1649092637620854785
1649092835071885315
1649092997672472581
1649093002399477761
1649093103217938432
1649093185497362432
1649093218619867154
1649093237632647179
1649093328485625862
1649093325667041280
1649093566835363842
1649093578327572484
1649093684049362944
1649093688214290432
1649093714860732416
1649093885073981442
1649093938358415360
1649094048928481286
1649094093245661185
1649094407533244417
1649094410288742405
1649094412859850762
1649094411534450704
1649094756977508352
1649094951802900484
1649095013140426752
1649095257420857350
1649095502678441984
1649095538434883601
1649095547754795008
1649095560454979586
1649095561004597253
1649095565760688128
1649095565748191242
1649095570844270616
1649095570961858561
1649095575579799553
1649095574447345664
1649095583028723732
1649095649319698447
1649095744081788928
1649095759336460288
1649095995878260745
1649096064014901249
1649096077356810272
1649096147875643400
1649096303111196672
1649096336057450497
1649096503007531008
1649096650831585281
1649096673551958046
1649096801948143616
1649096805207130112
1649096912820387840
1649096926405750784
1649096956566978561
1649097005464010776
1649097067984306202
1649097245659369472
1649097399120584706
1649097401834127365
1649097775601139726
1649098005700808704
1649098040480006144
1649098040480006144
1649098105667698705
1649098412841746443
1649098412841746443
1649098457481879552
1649098457481879552
1649098597479202827
1649098791197478913
1649098879416123401
1649098915793322025
1649099012564197376
1649099293498785800
1649099579336556550
1649099902008410132
1649100112545603586
1649100542373949442
1649100581997363216
1649101125386223627
1649101128959770641
1649101129257566217
1649101132487180314
1649101131233083417
1649101148710731776
1649101304789188610
1649101428621819915
1649101456233103360
1649101462096560140
1649101568111788034
1649101566983520272
1649101910618800128
1649102043339014153
1649102204966518793
1649102249333858304
1649102258552946721
1649102362185957378
1649102379550228493
1649102402312650752
1649102557053173768
1649102696727691276
1649102709297954816
1649102831964635141
1649102899379687425
1649103065289572363
1649103138014605312
1649103218834653211
1649103252816904192
1649103360908312606
1649103385122029598
1649103962790871040
1649104116893745153
1649104140251938836
1649104450869395467
1649104466858082334
1649104613604196376
1649104649071230986
1649104762032250880
1649104898607153155
1649104932971085853
1649105249557151763
1649105266820907014
1649105662582849546
1649105675631353857
1649106350407041025
1649106574189957120
1649106600173637634
1649107129058443264
1649107177578037256
1649107233383366667
1649107241868439553
1649107345534775296
1649107345534775296
1649107401906192394
1649107410412240901
1649107526032433153
1649108049720639493
1649108187537088514
1649108505133973509
1649108705105805322
1649108743727005697
1649109000380637185
1649109424944939008
1649109570575269991
1649109575126204418
1649109625537540096
1649109918706696201
1649110051334782988
1649110072868347905
1649110186919854097
1649110650537246721
1649110650033958912
1649110653116743699
1649110656506015745
1649110666047782928
1649110676395130882
1649110672779665408
1649110677292822528
1649110677280129032
1649110683894575105
1649110689259110400
1649110736872914944
1649110890955034626
1649111096609865735
1649111177115336707
1649111213232488465
1649111295298240515
1649111296707526676
1649111628191760387
1649111694679867403
1649111908174135302
1649112022309535759
1649112082850119685
1649112112478801920
1649112260114104320
1649112424069333003
1649112466935128064
1649112540268441602
1649112708808159234
1649112759362109440
1649112946700869633
1649113302486614026
1649113596515713054
1649114192366927880
1649114205545431041
1649114289779638303
1649114314710581252
1649114343617724434
1649114369219756042
1649114485506834449
1649115118339227657
1649115118339227657
1649115174429679616
1649115174429679616
1649115182671462418
1649115213990428672
1649115231749128192
1649115258173128711
1649115299541549070
1649115340788334598
1649115382085451779
1649115424552779787
1649115476272742415
1649115585286897664
1649115593641951238
1649115678794711059
1649115708465217542
1649115749858918400
1649115855471497216
1649115877277564932
1649116509778636800
1649116720387194909
1649117096796618767
1649117144573935622
1649117200089751552
1649117207094231054
1649117226824237084
1649117288660860942
1649117382550466560
1649117385859780608
1649117430768099329
1649117461537587200
1649117470303584280
1649117476695973888
1649117505464532992
1649117542093291525
1649117597378412550
1649117606748602369
1649117614021410825
1649117621571158021
1649117693134491648
1649117712075849734
1649117747689685026
1649117811707346951
1649117861065916442
1649117911162683401
1649118224091316236
1649118229296447514
1649118233251725312
1649118238352240640
1649118402173075457
1649118509421428769
1649118553939771419
1649118618494312448
1649118738120048654
1649118883293417472
1649119057889591316
1649119106031861762
1649119341667811329
1649119698271731721
1649119920179773461
1649120001004126209
1649120039906181143
1649120048110288896
1649120054196174850
1649120342370025498
1649120584691744786
1649120748467003393
1649120956751675411
1649121021675307010
1649121063857528832
1649121155641384960
1649121688359927824
1649121786670219270
1649122076580511778
1649122371070984204
1649122487311925260
1649122517133426714
1649122626688647173
1649122694871253016
1649122694376325144
1649122920696774662
1649123140071456774
1649123292534407169
1649123406099382285
1649123430392791042
1649123619136471063
1649123616770883591
1649123642301612049
1649123754402775043
1649123861760454657
1649123942370508823
1649124112818634758
1649124262719164416
1649124278871130133
1649124343085924369
1649124356520280076
1649124466805309472
1649124658845712400
1649124691226013696
1649124722406195223
1649125201102110727
1649125378466750464
1649125448046219265
1649125738367287327
1649125746059640848
1649125749142454288
1649125755031257095
1649125752242044948
1649125764418109467
1649125770965418014
1649125780259995652
1649125780302049281
1649125780222246918
1649125782482976780
1649126077262856225
1649126084267343920
1649126094518222873
1649126106304217113
1649126110322360329
1649126151099383829
1649126188432982017
1649127027394375697
1649127039025250304
1649127142347665412
1649127211717259287
1649127219392835591
1649127353707032584
1649127716837289985
1649127721321000995
1649127739314565142
1649128070308315146
1649128156077387791
1649128484340396037
1649128553370247168
1649128678096248834
1649128745976885256
1649129024147320843
1649129564352786432
1649129587819917314
1649129637258096649
1649129655549456384
1649129732519129088
1649129871384145929
1649129873418473473
1649129881777631240
1649130066998091777
1649130077588795394
1649130156420657163
1649130508763164676
1649130970946183169
1649131249502412802
1649131351457554432
1649131361746264070
1649131635076395013
1649131942971863050
1649132151974051840
1649132180449239040
1649132408921288732
1649132560222416903
1649132576127295490
1649132850388561931
1649132970450583553
1649133269122707458
1649133448697638927
1649133582277832721
1649133671054471178
1649133692579639296
1649133834816876551
1649134150593437696
1649134331309244417
1649134577540034575
1649134637560524819
1649134651607494656
1649134805425049600
1649134874937249793
1649134882927394819
1649135071721320457
1649135550887018499
1649135816508096513
1649135872795635719
1649135995038711808
1649136167021867008
1649136197870972950
1649136274349989888
1649136473055064070
1649136530122743808
1649136758976544768
1649136998261616658
1649137104461479936
1649137153723494413
1649137464898908164
1649137639667187712
1649137908857618437
1649137949018058776
1649138070195675136
1649138145223487490
1649138163162443787
1649138252157186056
1649138302203883523
1649138668366360605
1649138749945573397
1649139224459837444
1649139224459837444
1649139431301951488
1649139637422522369
1649139672315035650
1649139707513643008
1649140100658352129
1649140384163852291
1649140786695372806
1649140798368395264
1649140848368529409
1649140854253056002
1649140851422171137
1649140857021296646
1649140860712284172
1649140870363377671
1649140870174871552
1649140870053019648
1649140875849547780
1649141195761930240
1649141355166179328
1649141368860573698
1649141441828909075
1649141636134506496
1649141664949104646
1649141815080022021
1649141934907088896
1649141940833644563
1649141989139443716
1649142057011671042
1649142349706977280
1649142446604029954
1649142549758738432
1649142901002084353
1649142962549321764
1649143126261481473
1649143153000083492
1649143364237815825
1649143428922372099
1649143439487819777
1649143503274795008
1649143515937402904
1649143644140498944
1649143677497880577
1649143680664498204
1649143838152196096
1649143881869426688
1649144139970146318
1649144178192838682
1649144273290293248
1649144312423149589
1649144315573071887
1649144436759097351
1649144481101279245
1649144533006049280
1649144561707433984
1649144745849942046
1649144806382137380
1649144848073519105
1649144882244513818
1649145062272430083
1649145122645221377
1649145225976115201
1649145640650174465
1649145668693286913
1649145723051470863
1649145867708821536
1649146180004114435
1649146250439061519
1649146391871082496
1649146429389041666
1649146806276616198
1649146896965857293
1649146927492001823
1649147132220243968
1649147192861507588
1649147222762614816
1649147299858116619
1649147510525423626
1649147569950322703
1649147664548655133
1649147695385178123
1649147815010922520
1649147851077742601
1649147883344523268
1649148073401020438
1649148155391270912
1649148197061685266
1649148711866363932
1649148738995191808
1649148863310098454
1649148971858685980
1649149004251295753
1649149048052432901
1649149255536242708
1649149300994109462
1649149412252217362
1649149523795537945
1649149542913175574
1649149664413773869
1649149839337492480
1649149853606215680
1649150167784779776
1649150310282063913
1649150374496858120
1649150388904292463
1649150412744716311
1649150479132160002
1649150764235780120
1649151220383117312
1649151548738400284
1649151548738400284
1649151579973382186
1649151829685706752
1649151835100311564
1649151872203124747
1649152157436768271
1649152221693505537
1649152294208827428
1649152699483451412
1649152730810945536
1649152920535855116
1649153103512457216
1649153309796626441
1649153606329724977
1649153644162347041
1649153895887933441
1649153902011379724
1649153993308864513
1649154011465936897
1649154229096030208
1649154243574611969
1649154564183015424
1649154628355751943
1649154685771685890
1649154700250345477
1649154782517420033
1649154838381436928
1649154897667866626
1649154900469661711
1649154899232407552
1649154961006116871
1649154973715021826
1649155019797659650
1649155154225119232
1649155178040287235
1649155190832889858
1649155271489384451
1649155300920836101
1649155351126605825
1649155430147391495
1649155514691993602
1649155920264417281
1649155954473152512
1649155963725783047
1649155970491203585
1649155969694285825
1649155969262256128
1649155967592853511
1649155974538600450
1649155971887816709
1649155972777033729
1649155972114391051
1649156056092905472
1649156063214616576
1649156235340423170
1649156453943353345
1649156833641103360
1649156850749669376
1649156851500560387
1649156897050689536
1649157053733117952
1649157257152561153
1649157346872918017
1649157377390673920
1649157392477683713
1649157672221003784
1649157703863009287
1649157736158953473
1649157937867247625
1649157954459893760
1649157981576261632
1649158294114648065
1649158368886501377
1649158416856940544
1649158482153598976
1649158632091557891
1649158880025362434
1649158945871650821
1649159124092092418
1649159337997225986
1649159587541417984
1649159616083771392
1649159680525041664
1649159683930832897
1649159708400295944
1649160063662030848
1649160175020851200
1649160274430111744
1649160445712793607
1649160721807048709
1649160779445202946
1649160867462762496
1649160923976695810
1649161031187398657
1649161461816520705
1649161565449383936
1649161914558320640
1649161956148879362
1649161997991268354
1649162145077112833
1649162752416690178
1649162984248295424
1649163016246534146
1649163023632814083
1649163116519866372
1649163390827339779
1649163435886739456
1649163530069737472
1649163530199871491
1649163667945005064
1649163791316254721
1649163824245661699
1649163839764680704
1649163860245372930
1649164340077948930
1649164396634034181
1649164591266398209
1649164879490588672
1649164962319745024
1649165123120971776
1649165297335631872
1649165432920715266
1649165481792741376
1649165799272136704
1649166429105651714
1649166463352336385
1649167071941644288
1649167105177141248
1649167281489059840
1649167279161057288
1649167308915453956
1649167673006104582
1649167829134893057
1649168100514840579
1649168309043212289
1649168599003836417
1649168695741087746
1649168737482752001
1649169008405381121
1649169064135213056
1649169334902595587
1649169496668602370
1649169679330562048
1649169686121070592
1649169932267995137
1649169944515608581
1649170032126197760
1649170200850231296
1649170497156927489
1649170790942748674
1649170961650917376
1649170999206637573
1649171002486673409
1649171001588973570
1649171008601878530
1649171018743726080
1649171037160976388
1649171052411379713
1649171056140210177
1649171055905476608
1649171055431372806
1649171060313542660
1649171084938473475
1649171134762434565
1649171151875194882
1649171151875194882
1649171262084612097
1649171498538528768
1649171552284360705
1649171923073662977
1649171930036019200
1649172220172722179
1649172502118121482
1649172572083490818
1649172810894385153
1649172824513212416
1649173235328483331
1649173759775973376
1649173850540630020
1649175078540591104
1649175604758036482
1649175928818266112
1649176350261903361
1649176409967927297
1649176539165016064
1649176738004365315
1649176747127066624
1649176828865552385
1649176992820998145
1649177714274848769
1649177712429342721
1649177969879838721
1649178010413588482
1649178097038573568
1649178175103025152
1649178172410191877
1649178248121667585
1649178507568709636
1649179417321832449
1649179622859235329
1649179629679255552
1649179636360966144
1649179704946049025
1649179981208059905
1649180074548109313
1649180195029483521
1649180339804291091
1649180931062636544
1649181153054662657
1649181217017962502
1649181337838837761
1649181337125806081
1649181389609107459
1649181564637413381
1649181565488906240
1649181628034318337
1649181726395052039
1649181757546151936
1649181802806870020
1649181824365613056
1649181969786470400
1649182346157883393
1649182797288861697
1649182829580828672
1649183001266331649
1649183362219638785
1649183409040773121
1649183621205438465
1649183777921331200
1649183799043866624
1649183932867305473
1649184421675782146
1649184496418185216
1649184629478547456
1649184763117281283
1649184948119654401
1649185153560739842
1649185627374600193
1649186101561552900
1649186105772634115
1649186102970839041
1649186129575387144
1649186146843525120
1649186159556165635
1649186163024855040
1649186168196481026
1649186177986052100
1649186177159688197
1649186179835731977
1649186182528475138
1649186351802195968
1649186402020589569
1649186446513782785
1649187042192965632
1649187112061739010
1649187363502034945
1649188082812428289
1649188669989978112
1649188922927333380
1649188936537997312
1649189087427928065
1649190009763684352
1649190047931932674
1649190048703627264
1649190056412995585
1649190426321059841
1649190810141835272
1649191326179786752
1649191408136343553
1649192017560485888
1649192331164401664
1649192793930190849
1649192890663333890
1649193291873677312
1649193301436928000
1649193730602336256
1649193728966561793
1649193765394075649
1649193827188498432
1649193846603931655
1649193953273470977
1649193999230550016
1649194141610389508
1649194151513145346
1649194246316982283
1649194384456552448
1649194552912166912
1649194558280933378
1649194780750929920
1649195073719107585
1649195213552771072
1649195296583217154
1649195516020834304
1649195727669669890
1649195930824982529
1649196203312136192
1649196482380038149
1649196541767237632
1649196912476835846
1649196973621223426
1649197147026227200
1649197361942630403
1649197503861096448
1649197526598270977
1649197540787511297
1649197879951589377
1649198353518067712
1649198351970349056
1649198353518067712
1649198353518067712
1649198353518067712
1649198353518067712
1649198513102917632
1649198524104359943
1649198890007109633
1649198954586730497
1649199261047832580
1649199724971393024
1649199819645149186
1649199912167284738
1649201205225091077
1649201214519738369
1649201215010492419
1649201219020156928
1649201232660295680
1649201236564910082
1649201243946905600
1649201245842710530
1649201255095619585
1649201268509007872
