1635802961300574208
1635807956112646144
1635807962286653442
1635807966128381953
1635807992145739776
1635807993605369856
1635807998248644611
1635808004560809984
1635808014769815554
1635808019178209282
1635808022487285761
1635809179314077697
1635819082833608705
1635822984949628931
1635822989072629761
1635822994827227137
1635822993824796672
1635823011348762624
1635823033985409024
1635823053929160706
1635823086179082240
1635823107905814533
1635823112053817344
1635823396188479493
1635832766469140480
1635834364176023555
1635835725894795264
1635838153838718978
1635838183756771330
1635838190136197121
1635838189654122496
1635838187825143810
1635838192388829185
1635838204225130496
1635838204187406337
1635838202941505537
1635838218842275840
1635845118782754818
1635848911901405184
1635849416044158976
1635849733578317827
1635853229539102721
1635853236778201089
1635853263588433920
1635853267086503936
1635853293347041280
1635853292541710336
1635853291547676672
1635853297063002113
1635853315262279682
1635853319188148225
1635854882505719814
1635858771112067078
1635868166164209664
1635868316861440002
1635868330283393025
1635868331151433728
1635868347286933505
1635868383873847299
1635868419953238019
1635868416409231361
1635868418216808450
1635868421165391874
1635868424373936131
1635873056043433985
1635874687862603776
1635881376871247878
1635881553095016451
1635883454284824576
1635883476913381379
1635883477303189504
1635883481648570368
1635883479002140673
1635883483573936128
1635883482781032448
1635883497532342274
1635883502162903042
1635883507208577025
1635884824379506689
1635884950019796992
1635885182925373441
1635885182925373441
1635888218250829824
1635890847173558272
1635893348354408449
1635893836781060096
1635897085789708288
1635898599757209600
1635898599337861121
1635898599430127616
1635898599430127616
1635898604656156672
1635898613682274304
1635898618681913344
1635898615964024835
1635898621710180354
1635899346821545985
1635899531660279809
1635899889971343360
1635899909768458243
1635900790425411585
1635905084532948992
1635905607336165380
1635913547518541825
1635913693325041665
1635913691517566977
1635913691370496000
1635913690695323649
1635913700803768322
1635913702384840705
1635913708672040961
1635913722563624960
1635913722173554688
1635913719220785154
1635913976511856641
1635916578486140930
1635916936973254657
1635917849968484352
1635924495155208192
1635925978756050946
1635928577798537216
1635928792366456833
1635928795231272967
1635928799068975106
1635928798855143424
1635928807818313728
1635928806895636480
1635928817511591938
1635928815632281601
1635928815196151809
1635928818643791874
1635929659731836932
1635930941075107840
1635931826542858240
1635932309097533442
1635938577421877250
1635938889780322304
1635939906114531333
1635940003791478785
1635942946217373698
1635943890350997507
1635943909191819332
1635943909108092928
1635943908193497090
1635943906704498688
1635943910592610304
1635943909963489280
1635943909640601602
1635943909556645890
1635943914149388288
1635951246069702656
1635951662769623042
1635952963767205888
1635953055605596161
1635954606260858880
1635956162171379715
1635957625421479936
1635958987756654593
1635958987551113216
1635958990902378498
1635958994744295427
1635958997164478465
1635959000326971392
1635958999580286976
1635959002264657923
1635959001673515010
1635959351226646529
1635963036056911872
1635963464530161666
1635964066588925955
1635965241103355904
1635966507493519362
1635972362972561408
1635973606646611968
1635974085737074690
1635974098319822849
1635974097870938112
1635974097527005186
1635974100748320768
1635974105320112128
1635974112211349504
1635974118385303554
1635974119714967552
1635976012138676226
1635976922420191233
1635978808267272193
1635981553732812800
1635983230565228545
1635986238607069187
1635987693220900865
1635987769687146499
1635988052219707393
1635988608782925824
1635989185877114881
1635989190960660480
1635989197365342209
1635989196765552642
1635989202427846656
1635989200406294528
1635989200372744202
1635989200628531201
1635989209977692161
1635989212527837186
1635991852485574658
1635992125253746688
1635992595657621509
1635994269663019009
1635997006358360064
1635997836562116609
1636001805866872834
1636001905196376065
1636003543550181376
1636004280879534081
1636004290400604162
1636004292002816004
1636004296029356035
1636004295739953154
1636004301091766273
1636004305647063041
1636004311753986048
1636004317235757058
1636004317118308356
1636005261251948545
1636005369775357952
1636007194960318464
1636007239457685505
1636009895282581504
1636010025444335617
1636010094285520896
1636010204092399618
1636013579441786883
1636013579294986240
1636013596193824768
1636014222587854848
1636015498570739715
1636015699310043140
1636018617673285632
1636019381284098053
1636019385088241668
1636019383658254338
1636019389932634112
1636019388355682304
1636019388271788032
1636019394772869122
1636019397528809472
1636019403824193540
1636019714181812230
1636020082110242819
1636021181848625152
1636021932016427008
1636022161981816834
1636023502439317508
1636029167882911745
1636029568946413570
1636030827418222592
1636033888240713732
1636034494212849664
1636034501078859784
1636034499971514369
1636034498121850882
1636034497966637058
1636034510063034368
1636034508167282688
1636034507857100800
1636034515981283331
1636034717983047684
1636036237990453248
1636037039656140804
1636037168404520963
1636037880517730306
1636038512293101570
1636046190486667264
1636046546306322432
1636047771143749658
1636049586006507536
1636049593057132549
1636049589412282368
1636049598065016832
1636049603953934370
1636049609121230848
1636049607967883279
1636049607515066368
1636049611751301120
1636049614611660806
1636050851662905353
1636052104031739904
1636052173539753985
1636052656702488578
1636054098863693825
1636054263213293568
1636055836815421442
1636057260416811011
1636057298236784643
1636057677678641153
1636058235521081346
1636059511537426433
1636059631750348803
1636060606993166336
1636061306661879819
1636062800031145989
1636064252468563974
1636064683764457472
1636064684771090433
1636064688164286464
1636064692522172421
1636064698452803584
1636064706929541123
1636064707768377345
1636064711555915778
1636064710599536640
1636064714517278721
1636066912256811008
1636069420610072582
1636069848261312514
1636072341049421828
1636073833739190273
1636074323491557376
1636074492064841728
1636074492064841728
1636075131666677762
1636076356718202880
1636077807733460992
1636077827840679940
1636078355236929536
1636078355236929536
1636078845567856640
1636078845567856640
1636079725121601536
1636079775729975298
1636079781547474945
1636079780893212672
1636079786249568256
1636079792897556480
1636079799331594240
1636079802145980418
1636079807145410567
1636079810635087872
1636079814703562755
1636079844608950279
1636080271287099394
1636081769744064517
1636084771095707654
1636085414003093504
1636085710569586692
1636087025819320322
1636087037341097986
1636089994669424642
1636090991387000834
1636092582051577858
1636092634585333763
1636093599325487108
1636093653239341056
1636094899668893697
1636094896703455240
1636094900658749441
1636094900222451714
1636094908002959360
1636094904370622464
1636094908220973056
1636094913166155778
1636094916169289730
1636094913489010688
1636095317316599816
1636096049755430912
1636097220138115073
1636098069388206080
1636098825541808129
1636099087178125313
1636099163367587843
1636099163367587843
1636099224713457667
1636101787303419905
1636103857536212993
1636103865572442112
1636104799421706242
1636105340579115010
1636105882537713666
1636106173824000005
1636107307074596864
1636109753523814402
1636109992536293377
1636110000949981185
1636110000429977603
1636110010810880002
1636110016217247744
1636110013293907969
1636110014816600064
1636110923260624896
1636115436612796418
1636116794485211137
1636116856820977664
1636116902442328069
1636117185503404034
1636117225437372419
1636117949231628288
1636121644539461632
1636125089673478144
1636125097227612161
1636125094862000129
1636125102759706624
1636125104395501569
1636125108895875075
1636125115799805953
1636125115564843008
1636125112612294656
1636135414682492930
1636140178892021762
1636140206058516481
1636140203290116096
1636140202824712192
1636140208692264961
1636140207039709184
1636140206993571840
1636140208373497858
1636142483519176711
1636143076635754498
1636144283672518656
1636144558319730689
1636146663122190338
1636147506093477889
1636148017785864195
1636149178601488384
1636150554454814720
1636155259042004993
1636155274397351938
1636155274103857154
1636155273655066624
1636155297583472640
1636155298741141505
1636155306773471233
1636155307851239426
1636155309541695489
1636155314394353666
