1639787908222820352
1639789653992837121
1639789712196902914
1639793756214894592
1639794233182765058
1639794238404558850
1639794247196106754
1639794264757469187
1639794265562705924
1639794274173591554
1639794284026302464
1639794282113507330
1639794290720137216
1639798100855492608
1639799612587245571
1639805944724086784
1639808936873275392
1639809332840902657
1639809339904098304
1639809339023302657
1639809357696122885
1639809359193538561
1639809364210098177
1639809370132295680
1639809373567426562
1639809388071333890
1639809384610971649
1639811456215523329
1639815202672607234
1639822264471363585
1639824418284109827
1639824417504088064
1639824426651774982
1639824459090604032
1639824463150587905
1639824468347596800
1639824474643001344
1639824476303966210
1639830620296691714
1639834096871391232
1639839526502690817
1639839543405805568
1639839546211811330
1639839552759271425
1639839556022464513
1639839557691617282
1639839556932603905
1639839562041008128
1639839582522085377
1639839579359551489
1639840062421491713
1639845291724783618
1639848809822863366
1639849330680152067
1639852003919552512
1639854587380154368
1639854598004387840
1639854617361088513
1639854622616571906
1639854622595747842
1639854652605726722
1639854669848539136
1639854676383285248
1639854689972887554
1639858129335910401
1639859917040361473
1639860446437036037
1639864623741509635
1639866636290121728
1639869745406279681
1639869751869554688
1639869750225379328
1639869749751345152
1639869756416360449
1639869769343025153
1639869765627027457
1639869775366193156
1639869783620595713
1639872158275887105
1639876466962825217
1639879496353431558
1639880556375670785
1639880553523552258
1639881990253027329
1639882354545106947
1639884841087823873
1639884850831462400
1639884855470338048
1639884855453573126
1639884857508524033
1639884862654935040
1639884866488549376
1639884869466480641
1639884882775101441
1639885568703180801
1639886322822266880
1639888769510780929
1639890149201829889
1639890372032700422
1639892032528306177
1639892763146592257
1639895901094260736
1639896167449255936
1639897390605021184
1639897961147826177
1639898308247207937
1639898560442277889
1639899859657412609
1639899955115507712
1639899958324215808
1639899961666985985
1639899969594224640
1639899971464970241
1639899970709979136
1639899980579127296
1639899979434143744
1639899979190870016
1639899989114593281
1639900996578033665
1639905156031737856
1639906448682414082
1639906833325277187
1639909119774654464
1639911152959340544
1639911264791961602
1639911359222620160
1639914180806418432
1639914639562514432
1639915044715786242
1639915050843480067
1639915050352689154
1639915052256968705
1639915052386885632
1639915060049981441
1639915063984177152
1639915070594449410
1639915073631027201
1639915083684773890
1639920870977073154
1639921586949050368
1639922640625475584
1639922640461737985
1639924050289111041
1639926922657382400
1639928012962512897
1639929709986213890
1639930134181412864
1639930137603891200
1639930147586416642
1639930146680369152
1639930157933756418
1639930164212641792
1639930170189438977
1639930174140448769
1639930175587491841
1639930843958325251
1639932907086020610
1639936109260963840
1639937513434357760
1639940530191708160
1639940626086268929
1639940732570959872
1639940752569507840
1639941806967205888
1639941806967205888
1639941806967205888
1639943959400046592
1639944029860249602
1639945269860089858
1639945269595848706
1639945267205087232
1639945267179839489
1639945274029162497
1639945271739023362
1639945283172724736
1639945281796964353
1639945286083649536
1639945284665974784
1639946931911761921
1639947484406468608
1639948482923356164
1639949036475109379
1639949834940715008
1639950618251984899
1639952743019282432
1639953867365335041
1639954181304844288
1639955453751820290
1639956161326661632
1639956413836414977
1639958715011923970
1639960345279184898
1639960351004393474
1639960360365981698
1639960363977383936
1639960363931148291
1639960370998820864
1639960375675215872
1639960385112473600
1639960384558751745
1639960489470902273
1639960640071798793
1639962041136955393
1639963027565953028
1639963399223226368
1639964323375112195
1639965608937758721
1639966710068396034
1639966710068396034
1639968071472259072
1639968311994621955
1639971095808729088
1639971854080262150
1639973761246982145
1639973959104864256
1639974762238869504
1639975451153125376
1639975449328771076
1639975458778349574
1639975463392100352
1639975469775822848
1639975465996914691
1639975478747381761
1639975486670401536
1639975484456071168
1639975514726170626
1639975842003419137
1639976328819605504
1639977021513297920
1639977757030359043
1639978432867057672
1639980185893076995
1639983301250232321
1639983952445292552
1639985791446204417
1639988277976477696
1639988916378910722
1639990567420727297
1639990573082853377
1639990572470484993
1639990571438571533
1639990570012618754
1639990585883873280
1639990585636339714
1639990584709378050
1639990583690141699
1639991829914427395
1639996478197309442
1639996574980866052
1639999756461133825
1640000109290090496
1640002002552868866
1640002859298177025
1640003093336039425
1640003706367234050
1640003706367234050
1640004102464700417
1640004742146293762
1640005643900973057
1640005645284913155
1640005645008076801
1640005648208330755
1640005658987593730
1640005658115465217
1640005657871917059
1640005668751958021
1640005672916975619
1640005678688268292
1640006805261516800
1640007254836408321
1640007277678673924
1640009940377927681
1640009940377927681
1640014095884640258
1640014486458474496
1640015744577720324
1640017038352478209
1640017452221231104
1640018710894202880
1640018852653170688
1640019228429262856
1640019576455852033
1640020768552636417
1640020765465518083
1640020771530498054
1640020770930786307
1640020769420746753
1640020769005621250
1640020772872650758
1640020780208762880
1640020778426015747
1640020784079941638
1640021528694730757
1640024281240465409
1640024534408392706
1640026482243149824
1640032592966590465
1640034347767005184
1640034452054089732
1640034733605244929
1640034886990921728
1640035865933262850
1640035871125585921
1640035870525849600
1640035871364722689
1640035876401999873
1640035873474375682
1640035881846468608
1640035881343156225
1640035880944521220
1640037113981698049
1640037731404333057
1640037731404333057
1640039574217867267
1640040191631998979
1640040516405321728
1640040917791801346
1640042277677461505
1640042693135933440
1640044626357678080
1640045377586905090
1640045898876043265
1640048025941712897
1640050954090192897
1640050953532456961
1640050953456963584
1640050954765586434
1640050958158774274
1640050960155254787
1640050968623456256
1640050970884292609
1640050978291367939
1640050982112354305
1640059932379586560
1640061144684544001
1640061764305055745
1640062094350462977
1640063211704668163
1640063971892813833
1640065576340193280
1640065933149339652
1640066058580287488
1640066058353508352
1640066061327384577
1640066070642925569
1640066070210912256
1640066072291446786
1640066076703588355
1640066078431670274
1640066076930191365
1640066586907123715
1640069552657530880
1640073796957663233
1640074510412967937
1640077104002760714
1640077109224775681
1640080666183319553
1640081094870716416
1640081163074129921
1640081167478054920
1640081167306072064
1640081174931316737
1640081176063885314
1640081175480860674
1640081175141052417
1640081183290580992
1640089720997781504
1640090010039754752
1640092611611439110
1640093370004520960
1640093796234059776
1640095783608365056
1640095846543884292
1640095904970559488
1640095956396802050
1640096205190447106
1640096243996151813
1640096251730444291
1640096251516444672
1640096251168403457
1640096249805168642
1640096264736894977
1640096267987562496
1640096282290077696
1640096282097201154
1640096279215628290
1640101132943912961
1640104877878571012
1640106750220152833
1640109756311388163
1640110656543244289
1640111347558957056
1640111350453075973
1640111349349924864
1640111361723179014
1640111367230291970
1640111365909037058
1640111371772653568
1640111382275428352
1640111378852716545
1640118820294782978
1640126436945305601
1640126442276290560
1640126441856614402
1640126447669981187
1640126446734659588
1640126455517708288
1640126452724273152
1640126469555855365
1640126477730553860
1640129408387129344
1640134033085480962
1640139217538826243
1640139660079910913
1640139660079910913
1640139660079910913
1640139660079910913
1640141513446289412
1640141512846503940
1640141517896466432
1640141531788070914
1640141541267103751
1640141539526492167
1640141568093945857
1640141571726213122
1640141580148547584
