1641591368639459328
1641592993307332608
1641598580636131328
1641602688298414081
1641606120878776321
1641606130186227712
1641606133465985026
1641606135085166593
1641606170430566404
1641606176327577601
1641606180983173121
1641606186033111041
1641606214172950528
1641606471535263744
1641606630868684800
1641613222124965889
1641619253898928132
1641619756053843968
1641621263880712193
1641621266263343104
1641621278271369217
1641621292980871183
1641621290439282690
1641621295707344896
1641621304699764737
1641621307044384769
1641621323087745024
1641621577841115137
1641626445779968000
1641626839885164547
1641626912266264577
1641627720345075712
1641628027603005440
1641629099813634049
1641631814140690432
1641631840237932544
1641632425590546433
1641636094922956801
1641636369771675650
1641636380634742798
1641636379959480320
1641636384313057280
1641636387060613121
1641636392307507200
1641636408115834882
1641636414138843138
1641636417980997634
1641636428206551040
1641641092041916418
1641651465830776833
1641651464362766336
1641651477310578692
1641651481240535042
1641651480569475078
1641651488433876993
1641651488106659841
1641651503764045824
1641651514992148482
1641651522244161539
1641657089326981120
1641659469649297409
1641664548674347009
1641666497859801088
1641666556890591232
1641666568265269248
1641666575710187520
1641666578814058496
1641666589291614210
1641666611198443520
1641666610963312641
1641666621872779266
1641666628122189825
1641666628503982080
1641668755368411140
1641671223376592898
1641672199223246848
1641672985177206784
1641674394505465858
1641675073722503169
1641675698933755906
1641677047847088129
1641679840205238272
1641681666581368832
1641681676148305920
1641681681626157057
1641681698126704641
1641681698013298688
1641681701188272130
1641681708297723904
1641681729613332486
1641681728828850177
1641682778897956864
1641684644234948609
1641686884039507969
1641687536564142081
1641688036525105153
1641688170369544192
1641688717441003520
1641690639938072576
1641690950639538176
1641694474496557057
1641694498194587648
1641694969353125888
1641696567131250688
1641696781871333376
1641696786883510272
1641696792675753986
1641696797876953088
1641696800531783680
1641696803811733504
1641696805132947456
1641696809570512897
1641696818734964737
1641696824951181312
1641700407528267776
1641702673387859968
1641703022379126784
1641705645136130048
1641705645136130048
1641708028343857158
1641709951524413442
1641711277893472257
1641711812860059649
1641711898084220929
1641711902211604480
1641711915457019905
1641711913779249153
1641711912755818496
1641711916388356096
1641711923925229568
1641711920670466050
1641711920536248320
1641712491574034433
1641716262957899778
1641716848688349185
1641717750459506690
1641718306989015040
1641719092083146756
1641719712588394496
1641723385087664129
1641726401542778883
1641727006684463104
1641727010463531008
1641727009704296456
1641727007422644224
1641727014380924932
1641727014246961155
1641727012086726656
1641727016155197440
1641727020999507970
1641727025227665408
1641727312696582145
1641727545719545858
1641728706707353600
1641729422762942465
1641729422762942465
1641729493827047425
1641729634759843840
1641730988232302594
1641731904947748865
1641732702549295109
1641733792279789568
1641734133696045056
1641736935772225537
1641737570601123847
1641737754865172481
1641737898004283393
1641738231296278529
1641738314980945921
1641738416202104836
1641739445366935552
1641739501117620225
1641739575721615361
1641739646802468864
1641742015393067012
1641742106606686210
1641742110310248449
1641742107487490050
1641742107307122689
1641742116769660928
1641742122142269445
1641742121509199872
1641742126860972033
1641742126772789250
1641742144938422272
1641742828035342337
1641745344059920385
1641746205838393346
1641748745703370753
1641749507690881026
1641749722493771776
1641750076627271681
1641750753353113601
1641751103523135489
1641751103523135489
1641751103523135489
1641751103523135489
1641751103523135489
1641751103523135489
1641751478925770752
1641752990586400768
1641753510562742273
1641754440784044035
1641756504377159681
1641757204926586881
1641757204444336130
1641757204276473857
1641757209683189761
1641757207078350850
1641757213571047427
1641757219996745728
1641757226548228098
1641757227156480000
1641757224283549696
1641757441376305154
1641758166483435520
1641759323943587841
1641759476557524994
1641760272376266753
1641760311391707138
1641760541948407809
1641760923458195457
1641761542289989634
1641761890828206082
1641763094010507265
1641763156925075457
1641763278543020033
1641763634429804544
1641765722337492992
1641766187456495616
1641766600654176256
1641767115551113217
1641769810810880000
1641770230216007680
1641770496524992513
1641770507849592840
1641770507849592840
1641770518180241409
1641770689785987075
1641770875845238784
1641771469704232960
1641772106198183937
1641772292358258694
1641772295218774017
1641772298351902720
1641772305062699011
1641772303221399552
1641772312390189056
1641772311408955393
1641772316056072194
1641772319642140672
1641772323194785793
1641772332518719489
1641774794193485826
1641774856273362947
1641776222966300673
1641776222966300673
1641776222966300673
1641776222966300673
1641776592434130944
1641777310545182724
1641778359515377669
1641779133603622913
1641780877511237632
1641782439272931329
1641782599906467842
1641783046067171329
1641783050081124352
1641783053495173121
1641783824378916866
1641784910825541632
1641785978741219329
1641787071575605249
1641787339545407488
1641787400719400960
1641787403701739520
1641787408529121282
1641787410919948288
1641787416544436224
1641787425583243264
1641787425331486723
1641787424874414081
1641787422777147392
1641787630286434306
1641787940287270915
1641789406548828162
1641789883952902148
1641789902881714176
1641790040211611649
1641790114291384322
1641790669353099264
1641791679832178688
1641791848975855617
1641791942223601666
1641792547130421250
1641792844040945664
1641793696965316608
1641793721220964352
1641794105528180736
1641794560723415040
1641796278525763584
1641797540608704512
1641797995216744450
1641799500116238337
1641801979528871939
1641802499634999298
1641802504190001155
1641802501253996546
1641802516915421184
1641802516827447298
1641802516072390657
1641802513849495553
1641802520602324992
1641802523898986496
1641802522716413952
1641802540483223553
1641803176553725954
1641803189140832257
1641803474122731520
1641805706251624452
1641807547144216578
1641807616954322947
1641808126054739972
1641808320699695105
1641808537654362113
1641809573639061504
1641811949468917760
1641813534152458240
1641815418099621888
1641816536129077248
1641816536129077248
1641817202222592002
1641817484423573506
1641817585355481089
1641817603705298944
1641817603386531843
1641817601553883136
1641817604477075460
1641817609497636864
1641817613935292419
1641817620226916353
1641817616963739649
1641817622625886210
1641817624496738304
1641819204331659264
1641820295710244865
1641820868098629632
1641826011695251456
1641831143887470592
1641831284363108352
1641831308945924100
1641831408242143233
1641832694521778176
1641832705536000001
1641832709113671683
1641832715707203585
1641832719914090500
1641832716973883396
1641832723445694464
1641832723181457408
1641832722103521280
1641833533386768384
1641834308917706753
1641834308917706753
1641835105457954816
1641837708376150018
1641838253102776331
1641838415820857344
1641838418786242562
1641839678826397696
1641839722111590401
1641839820438634510
1641840624872697863
1641842448153313283
1641842936160583687
1641844053011742720
1641844366573711360
1641845171586301952
1641845284152958976
1641847793848287238
1641847794661982210
1641847792388669457
1641847791977676801
1641847793617719296
1641847802681491474
1641847806343380992
1641847809191313409
1641847819836194827
1641847820675055628
1641848673439973380
1641848957285302299
1641850009728450567
1641852265982984194
1641853841367760900
1641854696506654725
1641856971619061761
1641857006574133270
1641857091399737359
1641857435752169472
1641857891383799808
1641858581061328904
1641859350502203401
1641860788640964613
1641861440117043201
1641862113147736065
1641862722328354833
1641862799377981440
1641862909482393602
1641862908861640706
1641862907993505800
1641862907817340928
1641862914658164747
1641862913483833345
1641862912854700032
1641862916256198662
1641862923583643656
1641862920664498177
1641864601934364673
1641866238572781579
1641866692149010433
1641867232409010176
1641869632184221696
1641870100809539586
1641870255541608452
1641870304086482951
1641870598400794652
1641871752346099734
1641875057856110614
1641877164730507290
1641877221341028390
1641877898591195145
1641877983534407682
1641877987598663680
1641877993969659904
1641877999711670277
1641877998214475776
1641877998684065799
1641878014655975457
1641878018170802207
1641878023078137875
1641878020230205472
1641880433515286540
1641880876714807306
1641884877258739716
1641886156961841153
1641893091522105346
1641893095263424529
1641893099453534219
1641893103182270488
1641893107535958017
1641893106101506061
1641893113047273472
1641893114326536214
1641893119670079508
1641893287136055323
1641893436327604224
1641894477865406486
1641896830224027649
1641898030428311577
1641900270903762946
1641901197891084291
1641901483250577413
1641901678659076097
1641902743043416065
1641904086055362560
1641906652474482689
1641907135398264835
1641907401522642948
1641908198901784576
1641908198864048128
1641908198813716485
1641908202445873159
1641908206241738753
1641908215729516549
1641908215154724869
1641908221458755584
1641908220116578306
1641908643464396800
1641909636704944128
1641910147172761600
1641913485423419393
1641915310675484672
1641920680454242304
1641921703029755904
1641923117361627137
1641923242376962049
1641923285213405184
1641923284965945344
1641923289533513728
1641923294713585664
1641923299742547968
1641923301789298688
1641923311562113024
1641923310614360070
1641923317631266816
1641923454592065536
1641924409463021568
1641924453205434368
1641924771129458689
1641925552725434374
1641928767223234562
1641929549708419073
1641931018541355008
1641931634961252358
1641933773376741378
1641934680302780420
1641936190243758082
1641938366651330561
1641938371357421568
1641938395952816129
1641938394312736770
1641938399064907777
1641938407512211459
1641938406019153924
1641938409152282625
1641938408602845184
1641938420585975808
1641943082043158529
1641944089686945792
1641945147410718720
1641947369796165632
1641947369796165632
1641947369796165632
1641948857469739008
1641949805785096192
1641951507632250881
1641952647589638145
1641953464174428160
1641953472483414017
1641953477017612288
1641953482918723587
1641953487117320192
1641953498584567813
1641953496042819588
1641953509158580225
1641953508990517248
1641953515454050308
