1638331158353309696
1638335303713804289
1638339334473658368
1638341103165267968
1638341459358130177
1638341596692332547
1638342119378001920
1638343661027991554
1638344698975666180
1638344702150729730
1638344719930470402
1638344718668165121
1638344717250465792
1638344727136452610
1638344730617470978
1638344730533670916
1638344733570535424
1638344737487831042
1638350596049715201
1638354741062148096
1638356257554812930
1638356331848515584
1638359780258377729
1638359789397856259
1638359798529019905
1638359803570401282
1638359805298454531
1638359819353755648
1638359831605305346
1638359839691743233
1638359839461048320
1638366489068867584
1638366489068867584
1638366982784315392
1638374647971610625
1638374871855169537
1638374873893425164
1638374880956628992
1638374882529484802
1638374902666256387
1638374900019654658
1638374906470735877
1638374907733245952
1638374948522852353
1638378046754529280
1638379407223009280
1638382339729371136
1638389989489758208
1638389988814454785
1638389996859330560
1638390008980619264
1638390012986408962
1638390012000575488
1638390011186823169
1638390011635564545
1638390015901278211
1638390034993692672
1638393991111798784
1638399802605199361
1638404626792808450
1638405108412080133
1638405113566953473
1638405122538733572
1638405121187905538
1638405123113209856
1638405129232699392
1638405127412363266
1638405133846601728
1638405138342903809
1638405135972941824
1638406771478765568
1638406771478765568
1638409978754023430
1638415039848931329
1638416205466968065
1638416205466968065
1638416205466968065
1638416205466968065
1638418046493794304
1638420187476279296
1638420195462221824
1638420193511903233
1638420193222488065
1638420197341294595
1638420202550616065
1638420207554404353
1638420212742782976
1638420224377761792
1638420238927826944
1638426531159760896
1638427089266266113
1638428165163843584
1638430824168144896
1638430887711850496
1638430913687109633
1638431266520567809
1638432384814071809
1638432539588149248
1638435307820404737
1638435316775239683
1638435329752412166
1638435329353850883
1638435329232207874
1638435326661210113
1638435334219235328
1638435333003186177
1638435336630988801
1638435336119525377
1638436339942313984
1638438202204618753
1638441944131985408
1638442031692541952
1638444335879319556
1638445537954242562
1638445537954242562
1638446905293443072
1638450142683742209
1638450411471249408
1638450411534450689
1638450414613053440
1638450414881316865
1638450427984216064
1638450427430617089
1638450426986266626
1638450433499754496
1638450432526753793
1638450434124783616
1638451385711689731
1638451680122470402
1638452279496851457
1638454634451705856
1638458784963067904
1638458912050429952
1638461904891916289
1638463259446587394
1638463648648626177
1638463648648626177
1638464763272339457
1638465411573248002
1638465508851826688
1638465508214226945
1638465517173321729
1638465520738484224
1638465520700731393
1638465528929943552
1638465527260626944
1638465525838749696
1638465531090010112
1638465533308813312
1638467468665532418
1638467468665532418
1638468236017647617
1638470529165455361
1638471065348317185
1638472120534458368
1638472862578405376
1638475045994479616
1638475063304364032
1638479894379384832
1638480540616491010
1638480616999071750
1638480620794904577
1638480627140788224
1638480631888846850
1638480631112822790
1638480630655623171
1638480635605000192
1638480635386789888
1638480634158145538
1638482164437352448
1638482461217771525
1638486879912751108
1638486892617297922
1638488160714858497
1638489115648835584
1638489266429784067
1638491531366608896
1638491634198347777
1638491879649030144
1638492755642011648
1638492823501545473
1638493567818579968
1638494803213135877
1638495164023947265
1638495714920607744
1638495714274689026
1638495715755270144
1638495719102328832
1638495721698598912
1638495731131490304
1638495728673734656
1638496208414187521
1638497550905819137
1638497802958372866
1638498087051116545
1638498398847262723
1638498807208988673
1638499188286668802
1638500888833581057
1638501813467897856
1638506857856749569
1638507274762166273
1638507826367569920
1638507905040228354
1638508284310175746
1638509129281986560
1638510059100553221
1638510059100553221
1638510720496148481
1638510818365980672
1638510817866833921
1638510817552244737
1638510817460076544
1638510825651535872
1638510830751711234
1638510830231715841
1638510833004167169
1638511132355842049
1638511431183220738
1638513220980801536
1638513380989206530
1638514454114586625
1638514474566000640
1638515490552262657
1638515878600876032
1638515932728262658
1638518255953358850
1638518864576233473
1638520769327104001
1638520814080327682
1638521142129446913
1638521563736580096
1638522140134629380
1638523820066701317
1638525185237164032
1638525744174227462
1638525921672953858
1638525919236169730
1638525919185731584
1638525924437028866
1638525927159209987
1638525930770518017
1638525930372231168
1638525930309124096
1638525935413542913
1638525931617755140
1638526307565748225
1638528217257574400
1638529211173355523
1638530194532171777
1638531244983042051
1638532561604337671
1638533243975630849
1638533817974546439
1638534004835065858
1638534087769030657
1638534701378854916
1638535044443566086
1638535784935432192
1638540799104131072
1638541013479223299
1638541010446721025
1638541016822054913
1638541020970328064
1638541024434827265
1638541023289679872
1638541028910137345
1638541027416891394
1638541031216906240
1638542445003587584
1638542445003587584
1638543592921726978
1638544747475214338
1638546519132446725
1638547018283982849
1638547352536457219
1638549125032493067
1638549608346402816
1638551703204114432
1638552388737937408
1638552388737937408
1638553680801828865
1638556102957596673
1638556111543451651
1638556116631056385
1638556114840170497
1638556117759569921
1638556124461842434
1638556129532989441
1638556133714477056
1638556133097873409
1638558750540808193
1638559301080940545
1638559467590799360
1638560867447980032
1638561783190376451
1638564979832922113
1638565155347869698
1638568188593033216
1638568620782493698
1638569892214456327
1638570589060321280
1638571220408111104
1638571223994040323
1638571222119194626
1638571226342858753
1638571225789394946
1638571229551513601
1638571226414350336
1638571230855831554
1638571232042921986
1638571513619030016
1638574308455751682
1638574906211201025
1638575381241315330
1638576060081254400
1638576060081254400
1638576060081254400
1638577414124052515
1638580193110507521
1638580193110507521
1638580193110507521
1638581708340559872
1638582505748963328
1638582505748963328
1638582505748963328
1638583193434750976
1638584379097206784
1638584569816391712
1638585481368674327
1638586316278439948
1638586322095939586
1638586322037219331
1638586323534585870
1638586326973915150
1638586326571253762
1638586326034391040
1638586332132909056
1638586422046203919
1638588974548631552
1638590667323580425
1638590667323580425
1638591479793999873
1638591555291291661
1638591697704689667
1638592400321912839
1638593037856301058
1638595555700998144
1638597274791018521
1638598261911986184
1638598388303417346
1638598675424333825
1638598768236040197
1638599734163296257
1638601399687688192
1638601409821286401
1638601414644473856
1638601413499428870
1638601417861595137
1638601418020990978
1638601424211787781
1638601423884517376
1638601420411740162
1638601426229141517
1638601586283782152
1638602472993308675
1638604763465154561
1638608797760618496
1638611019634475008
1638612353909501952
1638612959193604096
1638613955970052096
1638614597941731350
1638616504898838528
1638616511169323009
1638616509588344832
1638616511953633280
1638616515556548627
1638616511920373761
1638616520564547597
1638616531029602306
1638616529540358155
1638617177631629326
1638618394537914368
1638618627170619392
1638620752478871567
1638620930804191232
1638621538285920268
1638623388221448199
1638626113378197513
1638628192683425792
1638628839432626176
1638629191074578433
1638629875803119619
1638630126165344256
1638630872126455808
1638631399241424897
1638631399241424897
1638631399241424897
1638631399241424897
1638631605853093889
1638631610206793735
1638631607782481920
1638631618003828738
1638631619668979713
1638631622898593793
1638631622777122823
1638631620553977856
1638631624089784321
1638631624408440841
1638634642126372867
1638638497933275136
1638638994585182211
1638641256833097728
1638642792120418306
1638644922034077696
1638645658696466432
1638646221974695937
1638646700792328194
1638646705435582464
1638646709965279233
1638646713924702209
1638646713702334464
1638646718416949248
1638646720241479683
1638646718966235136
1638646728462319621
1638647745530458114
1638648005766029313
1638649273326682112
1638649803625345024
1638651637412634624
1638651721533595651
1638655751680917510
1638656324488798208
1638656324488798208
1638657902519918596
1638657954105663488
1638659217627160578
1638659367208624128
1638659416051400705
1638659416051400705
1638661010080006144
1638661792384815110
1638661797111824384
1638661797040525312
1638661811858997249
1638661811015696384
1638661817420632064
1638661821472161793
1638661819823710208
1638661828791222272
1638668465501356033
1638670663282982919
1638671296862076929
1638676908983607296
1638676908832350211
1638676906936528897
1638676906005659649
1638676912871559170
1638676921063014401
1638676919876194304
1638676919460798465
1638676930269437953
1638676930169036801
1638677655301296128
1638678989098332161
1638679180563939328
1638679448403812353
1638685251684671494
1638689129683722242
1638691998696722433
1638692003578880003
1638692004900098049
1638692010218635264
1638692009706651649
1638692012424609792
1638692019521622016
1638692022855843848
1638692029621501952
