1637613228141232130
1637619910510624768
1637619907981619200
1637619912372809730
1637619922552455174
1637619931398438915
1637619935957401603
1637619944274763777
1637619947793965056
1637619957595766798
1637619961429467137
1637620731856171009
1637620896377757699
1637623597333368832
1637635005533810690
1637635011649351681
1637635029516922880
1637635034193575937
1637635032784289794
1637635045962702851
1637635051847401472
1637635057535033345
1637635058847608832
1637635063058661376
1637640416521781248
1637640458749763587
1637644454260604930
1637646807810592768
1637648517685743616
1637649985226563584
1637650075253108736
1637650074468507648
1637650091120132096
1637650102813859843
1637650104462213127
1637650117841891333
1637650117196152834
1637650129111990272
1637650138708561921
1637650939564773377
1637656810311278593
1637663692165640192
1637665143948722176
1637665154174263298
1637665157399683072
1637665161371860992
1637665165343707137
1637665172075446274
1637665194041278464
1637665198315012096
1637665201418797056
1637665259891613698
1637675548846751744
1637678010382860290
1637679136528543746
1637679394029223936
1637680303979261957
1637680320706408451
1637680325617758210
1637680323440812032
1637680332865413121
1637680331850391555
1637680338179588100
1637680337340735489
1637680337785585665
1637680355099529219
1637680558498287617
1637682106619813889
1637688371643400192
1637689095169212416
1637689656350326784
1637692006909751296
1637692124907855872
1637693582583767041
1637695236183826432
1637695444481343489
1637695449887825920
1637695449778864128
1637695449221021696
1637695453763362818
1637695454279266304
1637695457424965632
1637695455948681220
1637695456422641667
1637695456225509376
1637695459673223170
1637695769506459648
1637698411360034816
1637700448831324162
1637705861391892483
1637709647996919809
1637710537847963648
1637710544751697924
1637710542679810049
1637710541954207744
1637710542461706241
1637710547188686848
1637710546622377985
1637710556760248322
1637710559767298048
1637710558936825856
1637712071163822081
1637712166986866689
1637712418745856005
1637715443610710017
1637715865037676544
1637720832062390273
1637724872771088384
1637725450012180481
1637725627448008705
1637725631193513984
1637725632401494020
1637725636495130624
1637725635538833409
1637725633391280129
1637725652655775744
1637725657823100928
1637725657529450503
1637725883522752513
1637726673171775488
1637727823195525120
1637734341479391232
1637734703364022273
1637735063004520449
1637736506889580544
1637737532442943490
1637738356296515587
1637739889092448256
1637740744764010497
1637740744277651456
1637740741869948929
1637740748920565760
1637740748006195201
1637740747955875846
1637740747788099584
1637740750493437952
1637740755258335232
1637740753576132608
1637740758336786432
1637740820047568897
1637741813082587136
1637742643722481669
1637744427744518145
1637745269289746437
1637745280107048960
1637745834195402755
1637747301639680001
1637748100541423619
1637749340868579328
1637749841156530181
1637753724956229633
1637754505101033473
1637755831667023875
1637755834175299587
1637755833869287426
1637755838109474817
1637755844090527744
1637755850201657349
1637755856149200897
1637755855515820035
1637755854370877440
1637755859722723328
1637761492136218628
1637761496678555650
1637762477449420803
1637764928328138752
1637765350170279936
1637767069004333056
1637767241696440320
1637768614173343744
1637768968596336644
1637770672007962624
1637770945350848514
1637770952271360000
1637770949788303360
1637770953332514822
1637770952548270080
1637770960307912704
1637770958743150595
1637770957510045697
1637773442534481921
1637773446175158272
1637773507634266114
1637777704131936257
1637777881328758785
1637778523992608770
1637779243550515202
1637779312186216448
1637781154513256453
1637781255033958401
1637782443376746496
1637783367851622400
1637784097614381056
1637785642888298496
1637785866989961218
1637786030400057345
1637786035248611328
1637786036930506757
1637786038755098627
1637786036192288768
1637786039921045504
1637786054856982528
1637786056899608576
1637788885983068160
1637789504558841856
1637789943542972421
1637793332439949312
1637794048441298946
1637794048441298946
1637794348208386052
1637794348208386052
1637794457658507264
1637798396646883329
1637798749379362822
1637798905109676032
1637799541444427779
1637799719609966592
1637800142257500160
1637800483640291329
1637801038609788928
1637801123422564353
1637801129927929857
1637801128481148929
1637801132134154241
1637801130414538752
1637801136504578049
1637801146629668864
1637801149620273152
1637801151394455554
1637801159057350657
1637805333509820416
1637805627106902017
1637806260807401476
1637807202915213314
1637807321324634119
1637811461517877249
1637811936325672963
1637812563936174087
1637814464346198017
1637816240298180608
1637816244391870466
1637816249500434432
1637816248720293889
1637816252684206080
1637816253195886595
1637816252218454016
1637816251149078528
1637816258522492930
1637816256941129730
1637817346587869185
1637817582123196417
1637818210509627394
1637819525239566336
1637819846669762562
1637820128753582080
1637820337650892800
1637825953408724993
1637826918434185216
1637827280218062850
1637827334551093249
1637827608808415234
1637827965286334465
1637828648685191170
1637828974020644865
1637829680748191744
1637830151793680386
1637830180893851648
1637831204744445959
1637831336844050432
1637831335329800196
1637831340035825664
1637831338979110917
1637831339629072387
1637831345564000258
1637831345123520514
1637831349347270656
1637831346524504067
1637831354233638915
1637833178579607552
1637833178579607552
1637834699191070723
1637834911972196352
1637837870726610946
1637837974241959938
1637838873395953666
1637838912872935425
1637842557915869190
1637846439412871168
1637846445326737412
1637846443863015426
1637846443569344516
1637846449731035138
1637846448023715840
1637846446379548672
1637846453321183234
1637846454336143361
1637846456982806528
1637852811818852359
1637854023272497152
1637855838776745993
1637856586424041472
1637857961086181383
1637858450292998144
1637860719977717777
1637861197155299328
1637861413510078477
1637861533320372246
1637861540278722572
1637861544535941120
1637861543013408790
1637861545962004485
1637861551951470611
1637861551167111168
1637861549799866368
1637861556242509824
1637861555890171905
1637863134097448960
1637863352956248068
1637864423367794701
1637864639634481153
1637865210122756121
1637867376568856576
1637867888198443021
1637868356794474509
1637868799515844609
1637869072099467277
1637869110267633683
1637870827700903980
1637873561976152064
1637873892935999495
1637874746732969984
1637876049135681538
1637876626498232320
1637876629803352064
1637876635209981952
1637876638674477056
1637876639643373568
1637876643606958080
1637876652427341824
1637876654558027783
1637876653815635976
1637876804605079554
1637876903297032203
1637878974201069568
1637881197475799063
1637883704285724672
1637887985994571782
1637888415055093801
1637890686363271169
1637891741587210240
1637891740437716995
1637891740286722058
1637891739926102016
1637891745223417890
1637891744426598405
1637891751418404883
1637891754710933520
1637891754694156307
1637891755973419028
1637891956209602561
1637892892428476426
1637894318143750146
1637901449316188160
1637901783308574721
1637904224762871809
1637904571283668994
1637905183257534467
1637906832231464960
1637906832181329920
1637906832034283520
1637906831237427201
1637906835192811520
1637906841798692865
1637906841106628608
1637906846684946434
1637906847842836480
1637906852401803267
1637909934003335168
1637911985206579202
1637913082608463875
1637914245705736192
1637915226937982976
1637917991944830983
1637917991944830983
1637919106727923715
1637921139908329476
1637921565017796609
1637921927183343618
1637921933789413376
1637921942341578752
1637921941108432900
1637921945474793473
1637921944585527298
1637921947257372673
1637921955582996480
1637921952303030272
1637921951535493120
1637926487369154561
1637927363848855552
1637930717765050369
1637931134842445831
1637932811507335168
1637933700196319237
1637935294149455872
1637936240199647233
1637937031929053185
1637937035490230272
1637937041211047937
1637937039302881280
1637937046269624321
1637937045518667778
1637937050409373696
1637937047171129346
1637937054226038784
1637937051155722240
1637938153607577605
1637938907080966144
1637939955493138434
1637940000233750530
1637941235619966976
1637948638000451584
1637949448306212864
1637950693767036934
1637952118551191552
1637952129112625152
1637952129104240641
1637952133847711744
1637952142018322436
1637952139933945857
1637952144249704450
1637952149479993344
1637952153808433156
1637952156027191296
1637953423512403969
1637955310059941892
1637955917885894657
1637957290954219520
1637963228452995077
1637964461620248576
1637967215122173952
1637967224487944195
1637967225243193344
1637967238849339393
1637967242783600640
1637967248387104772
1637967246730620931
1637967251398709250
