1637974775229485056
1637980269549420544
1637982302801108998
1637982311089074179
1637982321339973639
1637982321717510145
1637982325580480516
1637982327308705792
1637982332291543040
1637982332249427968
1637982340826710016
1637982344391868417
1637985356921569281
1637990953670569990
1637995373758119939
1637996715117805568
1637997418389164032
1637997423246077952
1637997421199278081
1637997423095328769
1637997427125899265
1637997431651549186
1637997432574230528
1637997447388569602
1637997450907758593
1638003843920166912
1638007931525267456
1638009126205935616
1638009269235712001
1638010662583701504
1638010959070388224
1638012528960708608
1638012535030046720
1638012531934478336
1638012537143808000
1638012540058779651
1638012547960905733
1638012547453317128
1638012544936714242
1638012551861776386
1638012550649626624
1638014624929906688
1638018844928405504
1638023578842177537
1638026473897426945
1638027588563025920
1638027601590484993
1638027600583901184
1638027600768430082
1638027603381571586
1638027610574712832
1638027620054097920
1638027632263548934
1638027651909574658
1638027648013139969
1638030324205535234
1638032105715163137
1638035322935099395
1638035557891682304
1638039169380278272
1638042373077839872
1638042704679501824
1638042719577677825
1638042729027366912
1638042738200580097
1638042736048713728
1638042745410584577
1638042748908449793
1638053306441318401
1638055851784036352
1638057816824102912
1638057821404282880
1638057822989725698
1638057829868228608
1638057828869976064
1638057828433764353
1638057831801733120
1638057831642349568
1638057838894260225
1638062912198828032
1638063732189282304
1638063841362980865
1638065776086384641
1638068921206013953
1638069070942679042
1638070253082095618
1638071951255109634
1638072915185790976
1638072913612898304
1638072912950308864
1638072923205378051
1638072922777571328
1638072927882027009
1638072937595928576
1638072936249671681
1638072936178364416
1638072942377459712
1638077537057120256
1638079996232171521
1638082063336189952
1638082449992294403
1638083465345224705
1638086629410611200
1638088027980398592
1638088025031823361
1638088031902003200
1638088032929685504
1638088034036903937
1638088033315569666
1638088037623033857
1638088041922428930
1638088045663510529
1638088046087393280
1638088359309459463
1638089736974639110
1638094480376209408
1638094939039956996
1638095372269527042
1638095535126003713
1638096225126719488
1638097012724756480
1638099251988160512
1638099379100991493
1638102577056215041
1638102677572980739
1638103093182185473
1638103097363910656
1638103100287488000
1638103105697923072
1638103105261776896
1638103104473137153
1638103112773664768
1638103119094595585
1638103117752328193
1638103130217889792
1638103539347070976
1638103539347070976
1638104542960324608
1638105596170756096
1638105628219527168
1638110393892495368
1638111720790020097
1638112625295753216
1638114081667268609
1638116030428921859
1638116993399226371
1638118233575137280
1638118237664575489
1638118237656285185
1638118244534960129
1638118243347857414
1638118242903261188
1638118242647527428
1638118247517024258
1638118247345147905
1638118246736965632
1638120549690793984
1638121136159424512
1638122795086299137
1638123421425860608
1638123914537648129
1638123914537648129
1638124307967614986
1638125194496684032
1638128645557428226
1638130380418023425
1638132069820686336
1638132967770914816
1638133318636929025
1638133321455525888
1638133324056068099
1638133331710681091
1638133333988360197
1638133332306280448
1638133338631184384
1638133336936685571
1638133336869617664
1638133340887826434
1638133874101239808
1638134103152246785
1638135844807557120
1638136762487697408
1638136970252615680
1638137957658836993
1638138857706119168
1638140092093980673
1638140691346857984
1638141135389597701
1638144958757580804
1638145887871303680
1638146833670127617
1638147226105937920
1638148403019280384
1638148413622571009
1638148413719019520
1638148411445714944
1638148421038100481
1638148420450893830
1638148435072233473
1638148433520279552
1638148440952655872
1638150528143114240
1638150631092367360
1638150631092367360
1638151588035395584
1638151596814241793
1638152360999436289
1638154260071211015
1638157799984168961
1638159842698227713
1638161370268016643
1638162512431534080
1638163521430077443
1638163533023047680
1638163534923309056
1638163536605073408
1638163542783213570
1638163540782747648
1638163540610523138
1638163539205447681
1638163547090989056
1638163543521636352
1638165312037179393
1638166250307108866
1638166370511618048
1638167752434241536
1638169071689826304
1638170689088749568
1638171082665361408
1638171704575905794
1638172060735373312
1638174178762440707
1638175008228012033
1638175222544338944
1638175708546736128
1638175825718829056
1638176742203625476
1638177679810920448
1638178615367192577
1638178617133006861
1638178620266143751
1638178618240278531
1638178626574356481
1638178628432449543
1638178635269165058
1638178635269173257
1638178645805248512
1638179685229264896
1638182547577241602
1638184327954456580
1638184862711529472
1638185448152629249
1638185524157624321
1638187678972760064
1638187767191556097
1638188491308781568
1638189016997679104
1638189016997679104
1638193715725434886
1638193720775278593
1638193717776642048
1638193717457608704
1638193722310512641
1638193733463339011
1638193732909449217
1638193736982183936
1638193741725945856
1638193744137658368
1638197405110747138
1638197553127649283
1638199442145787905
1638200790744707074
1638201834320850944
1638203481365381120
1638206775399788544
1638206932866531329
1638207998941093894
1638208190599798786
1638208684013617153
1638208834781970432
1638208836732600321
1638208841102893056
1638208837957173248
1638208840167555072
1638208839903240194
1638208837894242304
1638208842663075848
1638208841853685764
1638208843762249729
1638211213761888256
1638214462808154112
1638214725497503745
1638215782248116226
1638216625802321944
1638217706343112719
1638217755785670656
1638217848664236062
1638218045368705035
1638218855645364229
1638219236723109889
1638220360838463489
1638221037434294272
1638222659950354440
1638223778294677505
1638223931466297344
1638223929088299008
1638223935832465409
1638223934608007169
1638223934767112197
1638223940840464404
1638223937766039571
1638223942266806272
1638223942144892937
1638224774340943878
1638226607998377990
1638227590602280960
1638230075110727680
1638230734501453840
1638230822577643539
1638231498795917330
1638232797281132547
1638234892193374215
1638235289268133893
1638235418284924951
1638236466227605509
1638236470657044480
1638237401951752193
1638237852285693973
1638237997299560451
1638238323067027456
1638239025076097025
1638239031551991808
1638239036555812864
1638239036018946051
1638239035641430022
1638239037558333440
1638239041840726016
1638239044864733198
1638239042629259265
1638239497023369217
1638239497023369217
1638240002042654722
1638241016439271443
1638242141913640971
1638242841829810176
1638244107091943425
1638244578787721216
1638244906035474434
1638245148390768640
1638246328894386188
1638246737067274263
1638249491441545230
1638250268214063105
1638251244174077962
1638251369017536519
1638252348005838849
1638252519108276244
1638252600096092185
1638252718572597275
1638252718572597275
1638253839521554434
1638254130169802760
1638254128320114710
1638254133365862405
1638254133034512404
1638254132187262977
1638254137694384133
1638254143314751519
1638254141674778637
1638254140714524672
1638254141209210894
1638255868813668361
1638256199932997639
1638257250513874960
1638257456705945601
1638258283726139401
1638258675495104544
1638258806625824784
1638259022544400385
1638259972801802240
1638260558423109632
1638261758493093888
1638264251302248451
1638264609403486208
1638266166371033090
1638266166371033090
1638266544886108171
1638266614142623744
1638267842364579840
1638268028738588691
1638268646890913792
1638268715270537216
1638269229018275840
1638269235200761857
1638269233963454465
1638269233858588672
1638269231861997568
1638269233653075989
1638269236278706176
1638269237620817920
1638269236106743816
1638269240753963009
1638269369120612352
1638269618975285251
1638269618975285251
1638275041233182720
1638275085852200986
1638275139522514967
1638276590512623621
1638280282590662681
1638283312924971037
1638284127702056960
1638284324519673861
1638284329015967749
1638284328663744512
1638284334988664833
1638284332895723523
1638284338990051329
1638284338281283585
1638284340709736448
1638284340546375681
1638284339778670595
1638286731253362689
1638286930701082634
1638288360513974274
1638292662980603907
1638294986180509698
1638295538868076544
1638295723484512259
1638296275098521603
1638298896542715906
1638299419689865217
1638299422055342082
1638299425847013377
1638299427772444672
1638299433568804869
1638299435703709697
1638299435569389570
1638299439981789184
1638299439466156032
1638300266914095106
1638301945793265665
1638302133920432129
1638302572736831489
1638306173899411456
1638306814709071873
1638309005000065027
1638312364343689217
1638314512636846083
1638314512309788675
1638314514859827205
1638314524771225601
1638314523185561600
1638314525257605120
1638314522787061760
1638314537462923264
1638314541606993922
1638316836247818243
1638319479468728321
1638322590128242690
1638323966484922369
1638325453336264709
1638326764261847040
1638327534776352769
1638327790159249410
1638329613121376257
1638329624857047041
1638329622512259072
1638329622332076032
1638329633568440320
1638329630825512960
1638329635695116288
1638329638320590848
