1665515820963831808
1665532386052825090
1665569987451297792
1665573794428203009
1665584231198720000
1665587301856997376
1665589024088571904
1665591249812766720
1665592020872601605
1665592607026585601
1665596363831234560
1665597374595473409
1665597499489521664
1665598146704035840
1665603712394354688
1665604479641632769
1665605735210786817
1665608240892190720
1665611959113486336
1665613815835160580
1665625072399183872
1665626493303820289
1665630787520155649
1665631077765992448
1665637376159367169
1665643690155442177
1665644516915699712
1665650290551410689
1665653233866481666
1665658696368807936
1665659758085394435
1665665569738072069
1665670904523915271
1665672215390453760
1665673302453436422
1665676956191322112
1665678530577944577
1665679621029806080
1665681862499397637
1665687980294520833
1665687980294520833
1665689546472796160
1665693067481841665
1665695036711874560
1665695820140933120
1665696513861775360
1665699982777909252
1665700660048691201
1665701624306606084
1665707647172235265
1665710341982920704
1665711335169048578
1665711335169048578
1665716168739659776
1665716539075579906
1665719855171993600
1665720730426945536
1665722207991898113
1665722561303396353
1665724955701436424
1665725423601487872
1665726445493026819
1665726991763423234
1665732107518320641
1665735896379846662
1665735902893580288
1665735907369005056
1665735905603100673
1665736873015214081
1665738969747734528
1665740841090965505
1665745612552142852
1665747916911198209
1665748337067171840
1665748549739372546
1665752210066513923
1665758887537147904
1665759141283889157
1665760178887708673
1665760280171642896
1665761471785992204
1665771855628705799
1665773785801170948
1665778704088178688
1665780525402054656
1665785307118067714
1665790663860932609
1665791807278440449
1665794619475369984
1665794993921970177
1665802348545945602
1665804704981426180
1665805430025584646
1665807722942459904
1665807722942459904
1665807722942459904
1665807722942459904
1665807722942459904
1665807722942459904
1665809163115479041
1665809163115479041
1665809163115479041
1665809163115479041
1665809163115479041
1665809163115479041
1665809163115479041
1665809163115479041
1665809163115479041
1665809163115479041
1665809163115479041
1665810636654125056
1665813305204658176
1665814414287568898
1665815042611183616
1665817009282506755
1665818764854583300
1665820817656094725
1665821633163022336
1665836267899084802
1665838089707593734
1665843919492378625
1665848999302266883
1665850966783012864
1665857913535987713
