1664431680793497601
1664455686950903810
1664456028438642688
1664456441556615174
1664456676525613056
1664456919833010176
1664494600600387648
1664499114040778752
1664507187895365632
1664514512341585921
1664520631298211842
1664527187712835585
1664533437137469440
1664535891967377409
1664546212576661506
1664547584852082688
1664555700595441669
1664557561243156480
1664558173368520704
1664570815830949891
1664573025231011841
1664573890197069824
1664579087145349122
1664579195953983488
1664586815217496065
1664592075243900928
1664596293920989185
1664597760069214209
1664597852759138304
1664603389320212480
1664611285202239488
1664614916333109248
1664617138366103553
1664618297189343232
1664618620981514241
1664621107733774337
1664626889292496905
1664628607367380993
1664630088590131201
1664635480049086464
1664638397170831360
1664653496065327106
1664655615384485890
1664657498668781570
1664659990437584896
1664670047225237504
1664673408976551964
1664673698752626688
1664674183845154817
1664678406863061018
1664678406863061018
1664680093359144971
1664681826009350165
1664686651816149005
1664687807418212352
1664689272958353409
1664693173288050688
1664693540767580160
1664693870934859776
1664716372742483969
1664718334573568001
1664744071028518915
1664749078670893056
1664752553874141184
1664753904209240064
1664779865881739265
