1667683145586561025
1667683145586561025
1667687127675555840
1667687295133122560
1667687343669518342
1667688927258370050
1667690690589982727
1667692016992411651
1667695452517457920
1667700410247700487
1667700450219511811
1667700977351155713
1667702124426285056
1667702128750612481
1667702556095553537
1667702556095553537
1667702556095553537
1667703658128236546
1667710051652366345
1667713737288024066
1667715719419633664
1667715777145847808
1667720180158574592
1667720180158574592
1667721950473461760
1667724591014313985
1667724887459241985
1667728294349873152
1667731746794926080
1667732533662961666
1667732537702064130
1667732535948767233
1667732613937745923
1667732990250582016
1667735417725112320
1667735532242362375
1667735532242362375
1667735532242362375
1667741491240861698
1667746068346331136
1667746068346331136
1667755242123821057
1667758142992596993
1667761836832194560
1667762332221546497
1667762451864076291
1667762451864076291
1667767771206234112
1667768172907229188
1667768306823053312
1667769021092057088
1667769282535596038
1667769510873427970
1667770540373733376
1667771198539812870
1667771785121607681
1667772005129625600
1667772314941833218
1667773371772280832
1667773789768146949
1667774258989129733
1667777766845042689
1667777766845042689
1667777766845042689
1667777766845042689
1667777766845042689
1667777766845042689
1667777766845042689
1667777766845042689
1667777766845042689
1667777766845042689
1667777766845042689
1667777766845042689
1667777766845042689
1667777766845042689
1667777766845042689
1667777766845042689
1667777766845042689
1667777766845042689
1667779370277117952
1667780860613885955
1667781532398895104
1667781840655007744
1667784004156678144
1667785195137662977
1667788238432489473
1667789283556483074
1667789414313893888
1667793624438906884
1667793678037929985
1667793732815691777
1667795523003097090
1667797313031659521
1667797313031659521
1667798027904376832
1667798927997804544
1667799479087497217
1667800423418286081
1667800423418286081
1667800423418286081
1667801981895819265
1667802234032095233
1667803262232215552
1667803364711866370
1667803622380281856
1667804130734112768
1667805239645466625
1667805239645466625
1667806637002833921
1667806637002833921
1667809738858414080
1667810365869113344
1667811725620531200
1667812259936993280
1667813008901390339
1667813311327395841
1667813311327395841
1667813311327395841
1667814207599828995
1667814515738570759
1667814528665501697
1667814630327033856
1667814753933090816
1667814998662340609
1667816038921060352
1667816271084236802
1667816271084236802
1667816271084236802
1667817012867870720
1667817147450490881
1667817192287531009
1667817192287531009
1667817317084934146
1667818958739894272
1667819980543471616
1667819995626176514
1667820137091682306
1667820909351018496
1667821941221195776
1667822429656215557
1667822704899108864
1667823831447220226
1667823831447220226
1667823887806078976
1667824307047657473
1667824754819059712
1667824828160647170
1667825801176268807
1667826112297152512
1667826390488498176
1667826419265675265
1667826796664897536
1667826891368067072
1667827114882498560
1667827779331670016
1667827996734922754
1667830194659311618
1667830232911429634
1667831081905819648
1667831721230827520
1667831721230827520
1667831838889455616
1667831876927496192
1667832335427829760
1667832398174736384
1667832590961704960
1667833900003885059
1667834298613788674
1667834499500068864
1667834615459921920
1667834799027781633
1667835300708601858
1667836584287252481
1667837210635259905
1667838657498103808
1667838657498103808
1667838816680329216
1667839209598492675
1667839695051530242
1667840028620251138
1667840229766512642
1667841452582338561
1667841494135209984
1667841494135209984
1667841605712203777
1667841844871397377
1667841844871397377
1667843544927678466
1667844099993419777
1667844371742437376
1667845075110379520
1667845555714772999
1667845705124257793
1667846497109434370
1667846819164958720
1667847421076930561
1667847658550046720
1667847700379844610
1667848386765021185
1667849953769660416
1667850845063372803
1667851541489885185
1667851597194330112
1667851816875196416
1667851840690561025
1667853438787416065
1667853468252381184
1667853613576732672
1667854714539503618
1667856011565170688
1667856712987037696
1667857734429990912
1667858679159291904
1667858912459014145
1667858991135830017
1667860633298128896
1667861011582386178
1667861965337767936
1667862146187657218
1667866077840252929
1667866607404580865
1667867030521892864
1667868178066677762
1667868178066677762
1667869628289232898
1667869628289232898
1667870483436503040
1667870483436503040
1667870483436503040
1667870844868075520
1667872264732246018
1667872434446376960
1667872970587484160
1667872973867347969
1667873429188378625
1667873438357233666
1667874202144108544
1667875405091487744
1667875893480390656
1667875893480390656
1667875908710006786
1667876190617587714
1667876996209156097
1667877755487236097
1667878508582912000
1667879356629237760
1667881028168425481
1667881029816705026
1667881032467488769
1667881035445551105
1667881588351291398
1667882565389234176
1667882565389234176
1667882895141220353
1667882895141220353
1667882895141220353
1667882895141220353
1667883352135720962
1667883814842949633
1667883953116594179
1667884007281897473
1667885676786753537
1667886486270746625
1667886486270746625
1667886486270746625
1667887738387931138
1667888887715311617
1667889288221016065
1667889853810311172
1667889915365826560
1667889945602662401
1667891262958239745
1667891287146602497
1667891909740593153
1667892213261676544
1667892496960196609
1667892646843482113
1667893463394787331
1667894774353764352
1667898226899337217
1667899108793921538
1667900747642466304
1667902789396185089
1667903303399636995
1667903409964429313
1667903409964429313
1667903409964429313
1667903409964429313
1667903409964429313
1667903409964429313
1667906626257289221
1667907070434381826
1667907114054893570
1667907227380752386
1667907396046290944
1667907963292626945
1667908096742621185
1667908663321796610
1667908834990358529
1667908842544398336
1667909557992161281
1667910261494145025
1667910287121436677
1667911491155111936
1667912414237454338
1667913150698594304
1667913897276239872
1667914415629279233
1667914425045602308
1667914763265777664
1667914763265777664
1667914763265777664
1667914842907332608
1667914842907332608
1667914842907332608
1667914842907332608
1667914842907332608
1667914842907332608
1667914842907332608
1667914842907332608
1667914842907332608
1667914842907332608
1667914842907332608
1667914860875726849
1667915312178638851
1667915476737859584
1667915539241398272
1667916460868476930
1667916504233304067
1667916724719460352
1667916724719460352
1667916724719460352
1667916928390778880
1667917170716602368
1667917239142473728
1667917339340226561
1667917923040612352
1667917951125602305
1667918146286567426
1667918325152641026
1667918474146992130
1667918737150824450
1667918863881867265
1667920237981753344
1667920413739950080
1667920413739950080
1667920419490234371
1667920754430599170
1667921168832110592
1667922240044773376
1667923257071226880
1667923284099203074
1667923421211025417
1667923582511374337
1667924234344038401
1667924232922071041
1667924318154530817
1667924835723247616
1667924910155644928
1667925235146915841
1667925508414230528
1667925508414230528
1667925822169120769
1667927987038068739
1667928228244385792
1667929032007073792
1667929446093926400
1667929601799073795
1667929982432079872
1667930114238169092
1667930561871060992
1667931658392072194
1667932404806475778
1667932652752588801
1667932727054565376
1667932727054565376
1667932727054565376
1667932847393439745
1667932847393439745
1667933502451470337
1667933852604530688
1667935076166909954
1667935102033096704
1667935784878370816
1667936100567097344
1667936100457783302
1667936832082829315
1667937272937820164
1667937280831397888
1667937280831397888
1667937367502516225
1667937385378902016
1667937968227770369
1667938082375475202
1667938624208338944
1667939081295151105
1667939081295151105
1667939161498611714
1667939241173630985
1667939696473677826
1667939758952296451
1667940291918135296
1667940296229806087
1667942623636606977
1667942716548718592
1667942869519269890
1667943230837596161
1667943567354986496
1667943905197711363
1667944154154823682
1667944275969994753
1667944464743124994
1667945473666154496
1667945834149826560
1667946458442506240
1667946648759050246
1667946690899222529
1667947788401889282
1667947979590754304
1667948763980132355
1667949018851205120
1667949635191685121
1667949699540590592
1667951527565185025
1667953175456804864
1667953245501681664
1667953245501681664
1667953245501681664
1667953245501681664
1667953284374511617
1667953375286050816
1667953375286050816
1667953384031223809
1667953384031223809
1667953636138270723
1667954043518439432
1667954043518439432
1667954043518439432
1667954043518439432
1667954232069111811
1667954375514284034
1667954396343287809
1667954396343287809
1667954611154452480
1667954611154452480
1667954619451060225
1667956082285608960
1667956082285608960
1667956368610054149
1667956480794869763
1667956708625334272
1667957019595210753
1667957019595210753
1667957754068103172
1667958396979408896
1667958594292121600
1667958944151527425
1667959784987918337
1667960088412278785
1667960398828433408
1667960974895198208
1667961128960270336
1667961478131982336
1667961478131982336
1667961478131982336
1667961478131982336
1667961742893121536
1667962671952453632
1667963434284257280
1667963901852680192
1667964692629708801
1667965402570260486
1667966425779130369
1667966586194362368
1667966844601286661
1667967256704299013
1667967583516065793
1667968313555664897
1667968313555664897
1667968732721827840
1667970103839956992
1667970527313403904
1667970705718145024
1667970948488650754
1667970948488650754
1667972555183988739
1667972555183988739
1667973352227586049
1667973388386566146
1667974183081345026
1667974378049478656
1667974613844803586
1667974778081230848
1667976516800503809
1667976682106417152
1667976690511872000
1667977440440774657
1667977440440774657
1667977440440774657
1667977440440774657
1667977440440774657
1667977440440774657
1667978561695764482
1667978788313989120
1667979161661480961
1667979491400986624
1667979923263311875
1667980014401253377
1667981100965335040
1667981255160332288
1667981519690907651
1667981698502467586
1667981698502467586
1667981698502467586
1667981999401828353
1667982180151095299
1667982288620081152
1667982733212102657
1667982950879617028
1667982985805672450
1667982985805672450
1667983655774371840
1667984549534486534
1667984924425502724
1667984924425502724
1667984924425502724
1667985201429901316
1667985231893368833
1667985891439042560
1667986013547839491
1667986380125790208
1667986424510005248
1667986462539759617
1667986561122676736
1667989140023943170
1667989322027483137
1667989937512128519
1667990029380059139
1667990411443335171
1667990411443335171
1667990411443335171
1667990411443335171
1667990411443335171
1667990411443335171
1667990411443335171
1667990411443335171
1667990411443335171
1667990411443335171
1667990411443335171
1667990411443335171
1667990411443335171
1667990411443335171
1667990411443335171
1667990411443335171
1667990411443335171
1667990411443335171
1667990411443335171
1667990411443335171
1667990411443335171
1667990411443335171
1667990411443335171
1667990411443335171
1667990411443335171
1667990411443335171
1667990411443335171
1667990411443335171
1667990411443335171
1667990411443335171
1667990411443335171
1667990411443335171
1667990411443335171
1667990411443335171
1667990411443335171
1667990411443335171
1667991359544860672
1667992464097943553
1667992528350769153
1667992916965437441
1667993186407444483
1667993186407444483
1667993764302864385
1667994010697232384
1667994010697232384
1667994010697232384
1667994346698711049
1667995077203968000
1667995077203968000
1667995883294556164
1667997845645819904
1667997894102663169
1667999474684399616
1667999774753140736
1667999774753140736
1667999774753140736
1668000156514484227
1668000156514484227
1668000262974328832
1668000262974328832
1668000262974328832
1668000262974328832
1668000262974328832
1668000262974328832
1668000262974328832
1668000262974328832
1668000262974328832
1668000262974328832
1668000262974328832
1668000262974328832
1668000262974328832
1668000262974328832
1668000262974328832
1668000262974328832
1668000262974328832
1668000262974328832
1668000262974328832
1668000273304891394
1668000795843784707
1668001030569709569
1668001689104728065
1668002473846398976
1668002511779766274
1668002534483546112
1668002725450096644
1668002850499178496
1668003983573630976
1668005250173747202
1668005421926211586
1668005565019357184
1668006406463582211
1668006455285358593
1668008038681255936
1668008317354950658
1668008356781383682
1668008506673250306
1668008542031212544
1668008542031212544
1668008542031212544
1668008542031212544
1668009041203699712
1668009327750201345
1668009327750201345
1668009657275654147
1668009657275654147
1668009657275654147
1668009657275654147
1668009657275654147
1668009657275654147
1668009657275654147
1668009657275654147
1668009657275654147
1668009941154553857
1668009941154553857
1668009941154553857
1668010426704224256
1668010611043893249
1668011498621345792
1668012014281662464
1668013117601619978
1668013746667569153
1668015588629725191
1668015931337916417
1668016263111507970
1668016263111507970
1668016263111507970
1668016263111507970
1668016331168395265
1668016331168395265
1668016331168395265
1668016360863981569
1668016424361525248
1668017084238897152
1668017513832275968
1668018732134694914
1668019571465265162
1668020404538015744
1668020675519422465
1668022083958218754
1668022408857505795
1668022452851552272
1668022511039139844
1668022845547462657
1668023004163366913
1668023443101749250
1668023640984567817
1668024034213384192
1668024447301812224
1668024618525884416
1668025504115355648
1668025830872842241
1668027815030038530
1668027819765506051
1668028473649111042
1668028473649111042
1668028473649111042
1668029635169341440
1668030070953263106
1668030123109408768
1668030354077147136
1668031054891073536
1668031070548180993
1668032249550209027
1668032377862647808
1668034804296581121
1668037261521305604
1668037593483603972
1668038892799262721
1668040078793515008
1668040199421452292
1668041070914027522
1668043029456777218
1668044110115254272
