1664787444812636161
1664790791976370177
1664802275871670272
1664807747789963264
1664808295465377792
1664808950363979777
1664809245500424193
1664810742283993090
1664820811583176704
1664857105906401281
1664880439310336001
1664888982457417728
1664906539210244096
1664907975507468288
1664917183242317824
1664930632915353603
1664937977867370496
1664937977867370496
1664941512151515138
1664950039364665345
1664951936330727424
1664955265664397314
1664956092634284032
1664956474743836672
1664962919925161989
1664963928844107776
1664967558611587072
1664967663817302016
1664969303358046214
1664972855291813895
1664973231063703553
1664980031024648192
1664989872191598592
1664990285166723079
1664998931523043328
1665000260043968512
1665000429770375168
1665000586046046208
1665001999975235587
1665002856573812738
1665017214326431752
1665017390021656576
1665028903088316417
1665044180559593474
1665045114215972869
1665059642592882689
1665074653134569473
1665088589493936129
1665101875266428928
1665103499594539008
1665103618150748162
1665107327882493953
1665111882108223493
1665118214492151809
1665138020297703424
1665139424798146560
1665143679873429504
1665144800155246593
