1667324314402840576
1667325654151356417
1667332353390419968
1667335629003280385
1667339188319170561
1667340582807535622
1667340774285901832
1667342931190067201
1667347096335179776
1667348100615217152
1667350117324652544
1667350998153678850
1667351625319559169
1667352629880721408
1667353042847514633
1667354859362824192
1667355990943989761
1667355999261409281
1667357233028423684
1667361170909528066
1667364342616997888
1667365089031364610
1667365200528568320
1667366051581927426
1667370079204540418
1667371143861522432
1667374930881572866
1667378416490893312
1667378676428689410
1667380811665133568
1667383461324419073
1667386583530733569
1667395310539141121
1667396412298985472
1667399161959034880
1667399318326714368
1667399938198609920
1667403197873369089
1667403676644769794
1667404009039069192
1667405067635359744
1667406214198620160
1667406634547568647
1667407207489568770
1667407207489568770
1667407646750654466
1667408117837987840
1667408261149085697
1667408777866366976
1667409218914140160
1667409677934632960
1667409677934632960
1667410320485232640
1667410832827842562
1667411110465622016
1667413611717828608
1667414447575683072
1667416065452699649
1667418876760694784
1667422123659329536
1667422355545640961
1667422355545640961
1667423869680988162
1667424169775038464
1667425112520380416
1667425112520380416
1667425832774541316
1667426185259945986
1667426731307794433
1667426792917946368
1667426872060268547
1667427804030410752
1667427804030410752
1667427984024776704
1667428728056729607
1667429013072035841
1667429024606330888
1667430110629367811
1667430996655112192
1667433567432110082
1667435176782340096
1667435818921631746
1667437056384020484
1667437056384020484
1667437517698727936
1667437800109506560
1667441765442367494
1667442091524325378
1667444156766076928
1667444798779695110
1667445467943256064
1667447115189026816
1667447115189026816
1667447759610294272
1667448231427469313
1667448465830363137
1667448879439069184
1667449697735245824
1667450073893031937
1667452943178530817
1667453842353471489
1667454977785180162
1667454979471286272
1667455104713203712
1667455649649766401
1667456403303194624
1667456432399106049
1667456615539265537
1667456778538299392
1667457061603475456
1667457061603475456
1667457430442180611
1667457430442180611
1667457430442180611
1667457430442180611
1667457430442180611
1667457430442180611
1667457430442180611
1667457430442180611
1667457430442180611
1667457430442180611
1667457430442180611
1667457430442180611
1667457430442180611
1667457430442180611
1667457430442180611
1667457430442180611
1667458036758196224
1667458047122329603
1667458047122329603
1667458047122329603
1667458047122329603
1667458612778639361
1667458972750696448
1667459128543924225
1667459248387772424
1667459614038716416
1667460155183714304
1667460654251360256
1667461986223894529
1667462403989073921
1667463050683711488
1667467441675333633
1667467943158898689
1667468276216020992
1667468437365596162
1667472324981915649
1667472911358214146
1667474272481079296
1667474773100642304
1667478161599102978
1667478415836958721
1667478929421090819
1667478931669241857
1667481502634893312
1667482209245188096
1667483166330716161
1667484759591645184
1667484824972455936
1667484824972455936
1667484824972455936
1667484824972455936
1667484824972455936
1667484824972455936
1667485890736693248
1667486118088941571
1667486268698116098
1667486281037668355
1667486489410695169
1667486864805093376
1667489096426504193
1667491298138357763
1667491468833849344
1667492555724922883
1667493411375439873
1667493819141505024
1667493975626854400
1667494304020066307
1667496180589408256
1667496825740304384
1667497887851335680
1667499020426661888
1667499020426661888
1667501697021648896
1667501706236641280
1667501877058043904
1667502008809447428
1667503124896948224
1667503534152007682
1667505618897317890
1667506636506775555
1667508049043398656
1667508393215492096
1667508539391107072
1667509124937179136
1667511661832335363
1667512177488539654
1667512626019008513
1667512948695203841
1667513657683582979
1667513793499283457
1667513963142062080
1667514457117925380
1667514491586617353
1667514491586617353
1667514491586617353
1667514491586617353
1667514491586617353
1667514491586617353
1667514491586617353
1667514491586617353
1667514491586617353
1667514491586617353
1667514491586617353
1667514491586617353
1667514491586617353
1667514491586617353
1667514491586617353
1667514491586617353
1667514491586617353
1667514491586617353
1667514491586617353
1667514491586617353
1667514491586617353
1667514491586617353
1667514491586617353
1667514491586617353
1667514491586617353
1667514491586617353
1667514491586617353
1667514491586617353
1667514491586617353
1667514491586617353
1667514491586617353
1667515275141365762
1667515375334948864
1667515714368839682
1667516125179961346
1667516148470906880
1667516569331572737
1667516569558163456
1667516597731221505
1667516983993139201
1667517037772455937
1667517519677083650
1667517806106083328
1667517866134962178
1667518121866059778
1667518463181553664
1667518758674485248
1667519996447137796
1667520061953720320
1667520685915111425
1667520889242386432
1667521600109903876
1667521657957646341
1667523800647311361
1667523880137760770
1667525038499659777
1667525773941702725
1667526405444313088
1667526405444313088
1667526937407897601
1667527203192553473
1667527423817142272
1667527703128358913
1667528013292945408
1667528276795961350
1667528276795961350
1667528984882475009
1667528984882475009
1667529045133897728
1667530594895695872
1667530635949355016
1667530635949355016
1667530635949355016
1667530635949355016
1667530635949355016
1667531147780190208
1667531519252918274
1667532057176670208
1667532057176670208
1667532694765412355
1667532976337371139
1667533767630635013
1667534070539247618
1667534319311527936
1667535135254691841
1667535348698677248
1667535628064399360
1667536909906657287
1667537117851836417
1667537180707758086
1667538742737793025
1667539414875095045
1667539616302342145
1667539914148159489
1667540292935856129
1667540401798930432
1667540622775861249
1667541738821394433
1667542083358408704
1667542388766638080
1667542742975537152
1667543288872685569
1667543968295403522
1667544252383911937
1667544252383911937
1667544252383911937
1667545267376144385
1667546427076259841
1667546968145494024
1667548898922205186
1667551082803871745
1667551196230320128
1667551857529569281
1667552039365165056
1667552328189194240
1667553185580318722
1667553707951546368
1667557479725645827
1667557513003429889
1667557987634888707
1667558206342668288
1667558736502595585
1667562323601498115
1667562439544586240
1667562484092358656
1667562767799164930
1667563499449470976
1667566038320312320
1667566038320312320
1667566038320312320
1667566038320312320
1667566038320312320
1667566038320312320
1667566038320312320
1667566038320312320
1667566234571792387
1667566362846449664
1667567492578017280
1667567548231983104
1667569550504652801
1667569797658296325
1667570556613394432
1667570560950235136
1667570587433066497
1667571601452281860
1667571869891829760
1667573228988948480
1667574245335941120
1667574360926724096
1667574958426398722
1667575831542091776
1667576243124940806
1667576624844521472
1667577192098807812
1667577859190259712
1667578121250299904
1667578923931033600
1667579274713350145
1667579403004522496
1667579877782872065
1667580442541735937
1667580979836252161
1667580979836252161
1667580979836252161
1667580979836252161
1667581538676924417
1667581891350781952
1667582609268850688
1667582609268850688
1667583431360823296
1667583439887818753
1667583474276990976
1667585043856859136
1667586820010393603
1667586922263244802
1667587331107299329
1667587556857245697
1667587718593781760
1667588028972298242
1667588028972298242
1667588357789040640
1667588781925335040
1667589395350974464
1667590244953210882
1667590373957578752
1667591065862275082
1667592039234502658
1667592243400806400
1667592243400806400
1667592243400806400
1667592766346461185
1667592966553370625
1667593949911957504
1667594682891919360
1667594799606812674
1667594824801812480
1667595618867462145
1667597131421450240
1667597308467322880
1667597988695363584
1667599617469587456
1667599835472490500
1667599835472490500
1667600083657867264
1667600083657867264
1667600083657867264
1667601469699248129
1667601476724686852
1667602355397836800
1667602590287241217
1667603094023151617
1667603309807517700
1667604108394496000
1667605046119333890
1667605149060087810
1667605346817376259
1667605518557523969
1667605675889905665
1667605675889905665
1667605675889905665
1667605675889905665
1667605675889905665
1667605675889905665
1667607388436799488
1667607575116890112
1667607747938996227
1667608390162415620
1667608638536441859
1667609328403075073
1667609449064742913
1667609558389338113
1667611542358040578
1667611681898348545
1667612312549863424
1667614119883669504
1667614271138676737
1667614379364294656
1667617361925373960
1667619826741698560
1667620265272934400
1667620265272934400
1667620265272934400
1667620265272934400
1667620265272934400
1667620265272934400
1667620265272934400
1667620645352488963
1667621180205875201
1667622376329170945
1667622822594617344
1667624043099353090
1667625000407318530
1667627243630211076
1667628354923556867
1667628859993341954
1667629403885412352
1667629898150690820
1667630691482206209
1667631649306050563
1667632283740782592
1667632353936801792
1667632355086057472
1667632618555297792
1667634178437922818
1667635138736320512
1667639434639179776
1667640171766882305
1667641040759578624
1667642289769054209
1667642515875299330
1667644321275715587
1667645853647904769
1667645859188670465
1667648907717779458
1667648961665028097
1667649506995732485
1667649837905444865
1667654348472459264
1667656533314789377
1667657607014674441
1667657613402677255
1667657617521385473
1667658510639800323
1667658601903661057
1667658650368835584
1667661538289946624
1667662778683858950
1667662778683858950
1667663946998841354
1667665695495127046
1667667140118462465
1667667140118462465
1667667528687005698
1667667629765455874
1667667880400355328
1667668005029912577
1667668284676907008
1667668309326680064
1667668309326680064
1667668309326680064
1667668309326680064
1667668994839511041
1667670856464465920
1667670937548869636
1667671311223586816
1667674370444083201
1667678758155722753
1667680625799622657
1667680625799622657
1667680625799622657
1667680625799622657
1667680625799622657
1667680625799622657
1667680625799622657
1667680625799622657
1667680625799622657
1667680625799622657
1667680625799622657
1667680625799622657
1667680625799622657
1667680625799622657
1667680625799622657
1667680625799622657
1667680625799622657
1667680625799622657
1667680625799622657
1667680625799622657
1667680742879506435
1667681090591420417
