1665881171828396033
1665883341206290432
1665893181941055493
1665907357589864448
1665908802409955329
1665910941496774658
1665918991406096387
1665920427112407041
1665924486854742017
1665928485955592194
1665932022160965632
1665943574419046402
1665946671744688136
1665952466557444097
1665952879578951681
1665953152011476992
1665953630426390528
1665954809902514177
1665957057021788162
1665958293972430849
1665962458924589057
1665963913534480385
1665966344557264896
1665971306859311104
1665974551451238400
1665976670283616256
1665976773153005569
1665976773132288002
1665977427602952193
1665979855463231493
1665979895829151744
1665979915953479682
1665981627632058369
1665982286796558336
1665983258473951233
1665983447272157185
1665983702113964032
1665985164445380609
1665985597842890754
1665987665861148672
1665987665861148672
1665987665861148672
1665987665861148672
1665993271808491520
1665993364859232256
1665997465726640128
1665997944850378752
1665997944850378752
1665997944850378752
1666000468617617411
1666005403703054339
1666007673131741185
1666010048655441921
1666010048655441921
1666012340926414848
1666012712776638464
1666015565553496067
1666017060663508995
1666018230073212928
1666020825609170944
1666021290736603137
1666021296272973824
1666022244294746112
1666022811700273152
1666024856473804801
1666024856473804801
1666024856473804801
1666025734601670657
1666025890923397120
1666027449568600069
1666028989499027456
1666030162201264128
1666030494914424833
1666031217291182081
1666031285142183937
1666031847137071104
1666040071802241025
1666041426155536384
1666042237514309632
1666042635461484544
1666042692009074688
1666043524549160960
1666044134191136768
1666044471190978561
1666045769185460224
1666045913377435648
1666047261443338240
1666047546609881089
1666047851586113536
1666051441297858560
1666052097069006848
1666052280905351170
1666052387486806018
1666053405398245376
1666055450071035913
1666055683144400902
1666055683966648320
1666060264649654273
1666060653100974080
1666061372931571721
1666062678324813824
1666064062793367552
1666064062793367552
1666064062793367552
1666064062793367552
1666064062793367552
1666064062793367552
1666064062793367552
1666064497193132033
1666064497193132033
1666064497193132033
1666064497193132033
1666064497193132033
1666064497193132033
1666064497193132033
1666064497193132033
1666064497193132033
1666064497193132033
1666064497193132033
1666064497193132033
1666064497193132033
1666064497193132033
1666064497193132033
1666064497193132033
1666064497193132033
1666064497193132033
1666064497193132033
1666064497193132033
1666064497193132033
1666064497193132033
1666064497193132033
1666064497193132033
1666064497193132033
1666064497193132033
1666064497193132033
1666064497193132033
1666064497193132033
1666064497193132033
1666064497193132033
1666066883513053187
1666069318050762752
1666070639600435200
1666070715575984128
1666071137711947777
1666073714209988618
1666073743410577409
1666077942936657925
1666078464343146497
1666079348783448066
1666080899782557697
1666081240972398592
1666082084174336003
1666082331747295236
1666085774360715268
1666089161307353088
1666089859520540676
1666089859520540676
1666089907205570562
1666090294092378112
1666090294092378112
1666090294092378112
1666090294092378112
1666090294092378112
1666090294092378112
1666090294092378112
1666090294092378112
1666090294092378112
1666090334261252098
1666090364598636558
1666091297898389504
1666091942990745601
1666093242289618958
1666094134619430914
1666094134619430914
1666094204890808325
1666094214197956609
1666095293279109121
1666096408414543875
1666097447175864322
1666097699261915137
1666098948011102208
1666099030366236672
1666099112864026634
1666099392020115458
1666101201547476999
1666103964511739906
1666104133965815811
1666104170829496321
1666104249174962176
1666105175621406720
1666105364847247362
1666106281000595456
1666106391025664005
1666106571451932673
1666107103243542529
1666107364943048704
1666108036195274753
1666109732677996549
1666117457952616454
1666118285882957825
1666121200270028802
1666121592441536516
1666121710653849600
1666124385260904449
1666124494761603077
1666124797170921491
1666125736120397838
1666126127151169537
1666127149990916126
1666127691462979605
1666127767459573770
1666129277660676098
1666131369431293952
1666132870866382868
1666133355350446080
1666136905174462492
1666137119566311436
1666138587715317760
1666139385493065728
1666140450808549377
1666140450808549377
1666140450808549377
1666143094146727942
1666143734692552704
1666143893451337728
1666150159439339520
1666152500276109312
1666153636362059801
1666153997135118341
1666154826504208394
1666154826504208394
1666157068590383144
1666157910252978191
1666157910252978191
1666158914109603841
1666159757466673152
1666159909174484992
1666160808047558656
1666163227477045252
1666164342067273730
1666164486611390466
1666165140360757249
1666169521554571265
1666169619453812737
1666170845507596289
1666170981340139520
1666177028775636993
1666180894032265216
1666180896452386816
1666180901510733824
1666180898969010178
1666183145421520901
1666187365520490498
1666190350904446978
1666193542723559427
1666194568285413376
1666202990200381442
1666203439146172419
1666209284059717649
1666211438359109665
1666217649897091090
1666220458897727489
1666223093998551040
1666224063679721475
1666224423257485313
1666225182829326336
1666226967639728129
1666229964079767552
1666232126172176384
