1607529911778004992
1607530064802971649
1607541708316901376
1607541714855645184
1607541724527689728
1607541723139375106
1607541730856898564
1607541728181116928
1607541736045416453
1607541759885672455
1607541760661815296
1607541766722564098
1607542358496657408
1607544488083484672
1607546774356623360
1607548856258166784
1607554706083045377
1607556167558897666
1607556815918710784
1607556824483663872
1607556822302334976
1607556826694053888
1607556832536690688
1607556836298719232
1607556857266069505
1607556865185005568
1607556864346329088
1607564643962359809
1607565089435181057
1607567565307404290
1607570192133160961
1607571883238785025
1607571888502632448
1607571894181429248
1607571908085841920
1607571939639586823
1607571946014937088
1607571949865275392
1607571966956896257
1607571964612481024
1607571971272855555
1607573796453597185
1607575202120216578
1607582309783605248
1607583493864980482
1607586990706360320
1607587004170240000
1607587007353479168
1607587008351997952
1607587009719304193
1607587026685300736
1607587033563934726
1607587030439165952
1607587050165014528
1607588806336585735
1607597998053244931
1607598134779334656
1607601834562129920
1607602086572883968
1607602102930665476
1607602106932006913
1607602106856529925
1607602118629945345
1607602128436228097
1607602129551912965
1607602135268741121
1607602160509788161
1607602166000386048
1607606102824206338
1607606518085734400
1607608979131187203
1607610808640638980
1607612117770801152
1607614831988727808
1607617219155959808
1607617223522222081
1607617234846752771
1607617237304614912
1607617244384878593
1607617249891987456
1607617268892196865
1607623688588861441
1607623958970384386
1607628985017700353
1607628995285356548
1607630424066658305
1607632322488324096
1607632320785428480
1607632324652584960
1607632331720003584
1607632347339558912
1607632350980239360
1607632357942509568
1607632365161164807
1607632368768258050
1607633996212568066
1607636025060524032
1607638706453872640
1607639920562028544
1607640190566244352
1607640922694492162
1607647395638317063
1607647410993467393
1607647434808897536
1607647432967589888
1607647449534832640
1607647452663791616
1607647462696812544
1607647467524456448
1607649262241726464
1607650875111272449
1607656040354414592
1607657938164002818
1607659284455727104
1607660213334671362
1607660960386547713
1607661157472473088
1607661602018365441
1607662542306037760
1607662542163431428
1607662551948529669
1607662550346354689
1607662552624041987
1607662558898536448
1607662556654485509
1607662561222340608
1607662566008033280
1607663720020197377
1607664713487507457
1607667465672073217
1607668017873453056
1607668049359917058
1607668164434989056
1607671253434830849
1607671493319880705
1607673782583410688
1607676575994228737
1607677627799859202
1607677636607868929
1607677655092187140
1607677657868533760
1607677663832936449
1607677661719199744
1607677659995148288
1607677664667619328
1607677764789829633
1607680414784819202
1607682580136202240
1607684122754908160
1607684277600415747
1607686662774980611
1607687675833614337
1607687759812071424
1607690400659038208
1607692733056950272
1607692735032741889
1607692736270077953
1607692740501929985
1607692741474910208
1607692750358564871
1607692750270660608
1607692748085432322
1607692762048266242
1607692759850164224
1607693026163363840
1607695405797765128
1607697042478084099
1607697516639948802
1607698414497579008
1607700163090333697
1607701014362337283
1607701177679896576
1607702400114233349
1607702812846161923
1607704995918667779
1607705076264583168
1607706410254757889
1607707846107631619
1607707844790607873
1607707849483862018
1607707854496043008
1607707854353596416
1607707853686554624
1607707857809727488
1607707862972747778
1607707859088773121
1607708551639695360
1607710328128950273
1607710610539560960
1607710814525591552
1607711217824550912
1607713252766789637
1607714070324461569
1607715273653600258
1607716016993488904
1607718202322341893
1607719044928647169
1607719589114167296
1607720991379316737
1607721697003671553
1607722876320317440
1607722928140845056
1607722930384797696
1607722934747136002
1607722933753122817
1607722941034409985
1607722945433960448
1607722952568745984
1607722962203070466
1607722964035817472
1607725010822602752
1607727356835254272
1607727865449123842
1607728414391238657
1607728942445633536
1607729478092075009
1607730668871553026
1607733375074242561
1607735096404238336
1607736416439517184
1607738034157649928
1607738038029017090
1607738037685084161
1607738044643246082
1607738043762626560
1607738049147949056
1607738057444429830
1607738063261937667
1607738214801981440
1607738684127731713
1607743674720428035
1607744052727881739
1607744953127690240
1607746193509027842
1607747746680737794
1607750825446723586
1607751010914828290
1607751505657954304
1607751722423705602
1607751809090691072
1607752983659307008
1607753125750009863
1607753129839280133
1607753129575038977
1607753134658490369
1607753144016031744
1607753142761934849
1607753141453217793
1607753149250691072
1607753155260940288
1607753159916544000
1607753936571879425
1607762679065624577
1607763705982488582
1607763899742408706
1607764611318546433
1607766786237136896
1607767633881092101
1607767980867289090
1607768239932870658
1607768243514621954
1607768242965151746
1607768245473349647
1607768256785584129
1607768259029340161
1607768261667721219
1607768779420991488
1607769185115045888
1607773189723291649
1607774234415140865
1607775091575619584
1607775874316656641
1607782342134845440
1607782915286482944
1607783341327007745
1607783345605197825
1607783345601101825
1607783350835580928
1607783349678137344
1607783356221255682
1607783361606733824
1607783361204072449
1607783361229078532
1607783383937208320
1607783864570626050
1607786248755609600
1607786694908186626
1607788697411551235
1607792914003804160
1607793509750263809
1607798429689708544
1607798434798489601
1607798433200349190
1607798437742878720
1607798436148944897
1607798447503183872
1607798459519705088
1607798455933583366
1607798461201797121
1607799048592834562
1607801512129871872
1607801537707016193
1607801814539468803
1607810047446495232
1607812116425150472
1607813525690372108
1607813526692798470
1607813535937236992
1607813540655828992
1607813540722913280
1607813546158473221
1607813543709274112
1607813552160788482
1607813556715544586
1607813738714775554
1607820475807432706
1607821556750876672
1607823724816011264
1607825949520809988
1607826736946757633
1607827566387236864
1607828636836712449
1607828640376709120
1607828641567899648
1607828639172681728
1607828646722502658
1607828653861134342
1607828651172659200
1607828661507424258
1607830029865742341
1607831008631730176
1607831998646702080
1607832157891997696
1607832587602649088
1607832591226310656
1607834273301536769
1607835842164264961
1607835950750613504
1607837780616282115
1607840896351105024
1607841646204387328
1607843733382258688
1607843737291620352
1607843734225551360
1607843739632046080
1607843738398883840
1607843743058509826
1607843747911319555
1607843757591871492
1607844768389922816
1607846216813154305
1607846216813154305
1607849530552356864
1607851238594596867
1607853089104576512
1607858219258449920
1607858826237153283
1607858825322967041
1607858825922777088
1607858835372261376
1607858853248655361
1607858853387042818
1607858851843301377
1607858854502748160
1607858854154604544
1607859779103227905
1607863494124384256
1607867515882848258
1607873144651481088
1607873194731671553
1607873931876122630
1607873934661410817
1607873933772029955
1607873937572077574
1607873944937443328
1607873943955701762
1607873945252032513
1607873954181677056
1607873960661889024
1607874979533844486
1607875600785575940
1607879970327781376
1607883777132355588
1607885464916180992
1607888271719436288
1607889007844945920
1607889017634279424
1607889026043740162
1607889026308050946
1607889034604589057
1607889037024710657
1607889037393534976
1607889041424355328
1607889055265722368
