1607169736303087618
1607169831060602880
1607172468640284672
1607175000204648448
1607176960849096705
1607178952941993985
1607179304567291904
1607179311936671747
1607179335672238080
1607179335374356480
1607179346300604416
1607179345151545344
1607179345118003202
1607179367779540992
1607179374322929665
1607187427415949316
1607189370481557504
1607194375318114305
1607194389625044993
1607194424844460033
1607194434302808064
1607194435858894849
1607194444591398912
1607194451734036481
1607194455605678081
1607194462433730562
1607194465055252481
1607198357126262784
1607203309823135745
1607207823989170176
1607209508698263555
1607209524435488768
1607209534849978370
1607209533704704000
1607209541929771010
1607209538687762432
1607209557389877249
1607209564583366658
1607209563731947520
1607209711304310787
1607218904702541825
1607224591134633984
1607224599196102656
1607224626295508992
1607224644792373249
1607224659711492097
1607224669144481792
1607224671988072455
1607224677780553728
1607224677210140672
1607226314489987074
1607226971489959936
1607228024067428355
1607230681905610753
1607234415113146368
1607239702817689600
1607239707255246848
1607239711273414658
1607239730630131713
1607239733704376325
1607239744567808001
1607239758966562817
1607239777098547201
1607239781183807490
1607241331772100616
1607244868862070784
1607254807139549185
1607254815209291776
1607254820682973185
1607254824458006530
1607254848092925952
1607254846305968128
1607254870331125761
1607254880984465408
1607254878656823297
1607266861330362369
1607267370774716416
1607268375205494786
1607269887239503872
1607269921171582976
1607269922106638336
1607269938904940544
1607269956244103170
1607269953064820736
1607269958261538817
1607269967334117376
1607269981049307136
1607269979472232450
1607274621631430657
1607276736873652225
1607277740805218304
1607280070808289281
1607280264840970240
1607283330978041858
1607285046712598528
1607285051070287872
1607285052500590593
1607285059031023616
1607285062038589446
1607285067839062017
1607285066765410304
1607285066584956928
1607288096520900615
1607289169461805057
1607293459764756482
1607293844084723715
1607298075348934659
1607299892007010304
1607300143099052035
1607300141009993728
1607300145183424513
1607300150870900736
1607300148463570950
1607300148157353987
1607300154419449857
1607300153467367424
1607300176120811521
1607303318396715008
1607310373450911747
1607314761129000961
1607315223806869504
1607315235337297920
1607315242064949248
1607315238986174464
1607315238688559110
1607315253913845764
1607315253024489472
1607315270556880898
1607315275388522496
1607315280476225536
1607315443743694849
1607315799089512450
1607315989011611650
1607317161441099777
1607317775692828672
1607320752205832192
1607321741616988160
1607324141043990528
1607324321999122432
1607324981784084482
1607330347255230464
1607330349146685441
1607330352036446208
1607330357854208000
1607330370952773632
1607330369845563392
1607330373255725091
1607330371728703488
1607330376061526019
1607330514691653632
1607332652410871808
1607334952408059905
1607335727607554049
1607337733583781888
1607339653916393474
1607340806670618625
1607343492111687685
1607345437396148252
1607345437178036225
1607345455456829441
1607345458590134272
1607345466777440257
1607345463706910722
1607345468433960964
1607345471634243584
1607345471332179971
1607348664560943104
1607350920538476544
1607351159311802370
1607353971915497472
1607354194188435461
1607356575731122176
1607360550035505155
1607360556771741696
1607360561301393408
1607360560315637760
1607360559170871297
1607360558290075650
1607360563549437953
1607360562924773376
1607360568272523272
1607360567227944966
1607360575121809410
1607363584148791298
1607365917616504835
1607369382094688258
1607371900778577920
1607373631176204288
1607375643364278272
1607375660812476420
1607375665300639744
1607375665296293890
1607375665233547265
1607375673223520259
1607375672950898695
1607375675656212480
1607375674414862340
1607377878508765185
1607383291711164418
1607386295206043649
1607389912353112064
1607390731139678208
1607390730825203713
1607390732435832832
1607390734906454016
1607390743274074112
1607390741374054402
1607390751738191874
1607390750010138625
1607390759938056193
1607390770511712257
1607391419160723456
1607398345156489217
1607401005372645376
1607401350081437696
1607405835386331136
1607405838649675777
1607405846769864706
1607405860237582339
1607405864511746048
1607405864713060353
1607405868559237125
1607405869528150018
1607405875945426945
1607405873600552960
1607406161904664577
1607408749672632321
1607409662655168513
1607411091105005568
1607411624742391809
1607413638398189569
1607414091223646209
1607417018302578689
1607417073810169861
1607417147856228357
1607417666620526594
1607419448201281536
1607420250332577792
1607420934406770688
1607420936969682945
1607420936881573888
1607420944074657792
1607420957697912833
1607420960088408065
1607420959459270656
1607420961175003144
1607420965369090054
1607420968749629440
1607420985640206338
1607421815021871105
1607423244289675264
1607424054159368194
1607424313157640192
1607424741903851522
1607425939792707589
1607427118320828416
1607427421598277634
1607429290710257666
1607429510839914496
1607431711691882496
1607432802588585985
1607435958110289921
1607436021620154371
1607436032764710913
1607436038435377152
1607436037290135555
1607436042809876484
1607436043699064832
1607436052821848069
1607436061269008385
1607436068617392131
1607445017995476992
1607448906643738627
1607451157579927552
1607451156598374401
1607451161795362817
1607451160054566912
1607451159647731715
1607451159232450560
1607451168501899265
1607451168229171201
1607451171815292931
1607451171870101504
1607456614155489285
1607459897867632641
1607462383706046465
1607462406372102145
1607463392297783296
1607464050950295552
1607465287552729088
1607465381391929351
1607466236979605504
1607466249738395648
1607466258051600385
1607466256281600003
1607466262426419200
1607466262065455104
1607466263994925062
1607466267480412168
1607466271888789509
1607470572786814977
1607474876255981568
1607476413321383936
1607476858500616194
1607481354731634690
1607481358330494977
1607481360150822914
1607481369948471296
1607481367742525441
1607481367448944646
1607481374499377152
1607481372066586626
1607481371546603521
1607481424751247363
1607481506351431683
1607483808907157504
1607485379245924355
1607485825905729538
1607486576489304065
1607492223360278535
1607495315766091776
1607496102210568198
1607496190542626817
1607496442842693636
1607496441253007360
1607496448374968320
1607496451051118594
1607496454712733696
1607496460043526144
1607496460010139648
1607496464237830144
1607497462662438914
1607501617938534401
1607506785023266820
1607511535747743745
1607511535097909248
1607511538419781635
1607511545684320257
1607511553137594368
1607511566445907973
1607511572586582017
1607511571215048706
1607512433282912256
1607512969121865729
1607523353186762752
1607526088124792832
1607526643320365057
1607526640078446592
1607526646063439873
1607526644872531970
1607526649234591744
1607526668226408448
1607526665852452864
1607526672517005315
1607526669518086147
