1606442785053499393
1606447990700445696
1606454525388378112
1606454527045304321
1606454537706954758
1606454538596388864
1606454565427101697
1606454595135639552
1606454593516441606
1606454599409438721
1606454597085982721
1606454597232594948
1606458663945764868
1606467799630635008
1606468874278506498
1606469088133484544
1606469295671754752
1606469645405413377
1606469654729601027
1606469658835849216
1606469663424380930
1606469674279260160
1606469672102150146
1606469678129631232
1606469687415545856
1606469684823527425
1606469697972883457
1606470949074763783
1606475301403627520
1606484734984720384
1606484737266225153
1606484749799010304
1606484757206159360
1606484770547957765
1606484781013008384
1606484803850846208
1606484805628985345
1606498192883077122
1606499816556867585
1606499815910965248
1606499844574642176
1606499859292229632
1606499877403475971
1606499900811890688
1606499905039630336
1606499906453385217
1606503131768147969
1606503553027145728
1606513766421643265
1606514937014132737
1606514941955289088
1606514946795503616
1606514981117231105
1606514984871247872
1606514984535588864
1606514989795262465
1606514988591771653
1606516065441398784
1606517143666888706
1606529081704869889
1606530007341621248
1606530037208997888
1606530036965683200
1606530042678415361
1606530044759003136
1606530066695045123
1606530073796149248
1606530085141479424
1606530084042833920
1606530098261241856
1606530099486117888
1606530243044442113
1606530248249860096
1606531849513324545
1606536328833040384
1606536468436242434
1606538268287201280
1606538688821067778
1606543045482217472
1606543192488554498
1606543528258985984
1606543739463368709
1606544415257935872
1606545119452270595
1606545129330081792
1606545138007916544
1606545137680662528
1606545141724061697
1606545159788777473
1606545161231679488
1606545175228346369
1606545193565671425
1606545191959420929
1606550185802452993
1606550408603881472
1606552590392909824
1606554267036356612
1606556426784104448
1606557934816821248
1606558221258612739
1606559519152246784
1606560195601014784
1606560194665775104
1606560203503181826
1606560201561505792
1606560255923691521
1606560279860596736
1606560289805455361
1606560299762552832
1606560297799798784
1606560308838940675
1606561774190436352
1606563390649950209
1606567697176829952
1606571082139725824
1606571373916299266
1606571565470175232
1606572083189784576
1606573044528566272
1606573219288584192
1606574341117861888
1606575354461790208
1606575358584782848
1606575356990849024
1606575366126051330
1606575367485014016
1606575371515723776
1606575373885378561
1606575387273998336
1606575404504039426
1606575403040219136
1606577885258686466
1606578370430799873
1606579267986509824
1606585525577596928
1606586055175864320
1606586546789949440
1606588649130303489
1606589921812152321
1606590486604664835
1606590494905073667
1606590494171353089
1606590493030227969
1606590499476983809
1606590496880660482
1606590504195575808
1606590501058187265
1606590501037170689
1606590500902952960
1606591306964537344
1606597584117792770
1606598950337024003
1606602829807992839
1606604600806707201
1606605576557023232
1606605575621644291
1606605582835847168
1606605580965126144
1606605590897184768
1606605594320080896
1606605593199902720
1606605592700669952
1606605602737852418
1606605600770719755
1606607594386251778
1606609770508845056
1606610864827924481
1606610977323106305
1606613634641190912
1606618716246097922
1606619634752704513
1606619685734469632
1606620410623266816
1606620664462512128
1606620666920595456
1606620681357381632
1606620681730510849
1606620684628930564
1606620684062543875
1606620703066931200
1606620702794211328
1606621905922019328
1606624762238844931
1606630019933114370
1606631303566483461
1606631503210823680
1606632427236909057
1606634278841892865
1606635751764017155
1606635767283191808
1606635765571719170
1606635777521319936
1606635782046892033
1606635781673607169
1606635798497034242
1606635796328579072
1606635799239434242
1606637886849400834
1606638778717986818
1606642395642306561
1606645939803983872
1606646795811098626
1606647128775831552
1606648638750564353
1606649014849519616
1606649114816647168
1606650279780384771
1606650290400280576
1606650868748754944
1606650881671593984
1606650879326683142
1606650883466530818
1606650882778464256
1606650883420348421
1606650889946775552
1606650898129850368
1606650900721844224
1606650898972753920
1606652207935688710
1606653787179028480
1606658068766416899
1606658492542210050
1606658647131820032
1606660855751639045
1606662683885031425
1606663205346050053
1606664511431254017
1606665890355105792
1606665975255949314
1606665977839882242
1606665983640621056
1606665983288041472
1606665988036075520
1606665985884389379
1606665988128358401
1606665992532381698
1606665995711827968
1606665995296333828
1606667691015929856
1606670185087238144
1606670963516805122
1606672345984372736
1606672668719288321
1606677354411081728
1606678014426750976
1606679511633887237
1606681068765159427
1606681076512215044
1606681072472932352
1606681076792930305
1606681081935286274
1606681080928833541
1606681085903085569
1606681094488838146
1606681097273851905
1606681098586669058
1606685557978980353
1606686548971364352
1606686565723430912
1606690766000103424
1606690792520966144
1606692676312608768
1606695256266665984
1606696167496192000
1606696173963993088
1606696176946122752
1606696190204149760
1606696196029956099
1606696194595594240
1606696194553663488
1606696193991507968
1606696198551011328
1606700868799430656
1606702102335602691
1606702313430720512
1606705743515754504
1606707360252166146
1606707932976250883
1606708060604362752
1606708718137122819
1606711267418574850
1606711283314737154
1606711282958307329
1606711286200664065
1606711290260770817
1606711289971355648
1606711289262542848
1606711292051480576
1606711294136127489
1606711297189367808
1606712258024902659
1606717585587855362
1606718004003233798
1606718163818782720
1606720415929360387
1606725753575391232
1606726370847035392
1606726368867323906
1606726373812457475
1606726374504673280
1606726373921406983
1606726387351666690
1606726384067530753
1606726383836725248
1606726393387257857
1606726392066215936
1606728247210827776
1606730492384100354
1606731496894652417
1606732018670354434
1606732789650448386
1606735367100579843
1606736521360449537
1606736847551463426
1606738602536439810
1606741468751822853
1606741468139356160
1606741467539570688
1606741467518599170
1606741471239241728
1606741476108533762
1606741479258525696
1606741479220723714
1606741489748434944
1606741487940681728
1606746979459108864
1606747014451994624
1606747459568410625
1606748818426384384
1606756561334013953
1606756568049090560
1606756572478296065
1606756577394188289
1606756581491761154
1606756578329350144
1606756597946286080
1606764632903127041
1606766721821458432
1606770808671547392
1606771660102795265
1606771662367490048
1606771666771656704
1606771675324100611
1606771674761678848
1606771681875435520
1606771683225874432
1606771690184531969
1606773471819726850
1606778597930172417
1606782240402317318
1606786729016541184
1606786736914567172
1606786743105101824
1606786746859278338
1606786755646087169
1606786758137597952
1606786765125292033
1606786780681977856
1606786787065884672
1606794463929851905
1606798346043248641
1606798463735324672
1606799155661504512
1606800186671616001
1606801528408391684
1606801841534246912
1606801844365320193
1606801847154577410
1606801849532792834
1606801855665025024
1606801854612082688
1606801853462810626
1606801859599007744
1606801860781817858
1606801864300847104
1606801864212844545
