1608614436859936774
1608625039137705985
1608625969748914182
1608626843552448512
1608627947887525888
1608628893317009408
1608628898501365762
1608628900636286977
1608628903555497984
1608628923423928321
1608628921448427521
1608628920596975616
1608628927404331008
1608628929455329280
1608635424997801986
1608641863401238532
1608643979117223938
1608643983982604288
1608643992127954945
1608643995839909890
1608644017386057728
1608644026118590464
1608644033173389314
1608644541372043266
1608646313830240256
1608651259921461248
1608659054846709760
1608659053609365505
1608659055874310145
1608659072081096705
1608659077152018432
1608659091387473925
1608659091030945794
1608659113894088704
1608659120152023040
1608659124165939205
1608666446099525632
1608668007475339266
1608672564934750208
1608674138914426881
1608674146103472128
1608674151316979712
1608674169558036480
1608674170115874817
1608674176285704194
1608674177783037952
1608674207008960512
1608674218455240705
1608675823875411968
1608686499658338304
1608687074999435266
1608687823930167296
1608689275582943232
1608689278275682304
1608689295623335940
1608689293060624384
1608689302346825728
1608689311754653696
1608689320617209856
1608689319442800640
1608689323045707776
1608689323800690688
1608700659976503296
1608704064614961153
1608704394627010561
1608704400008294401
1608704397357494272
1608704405884530688
1608704405020499972
1608704413530750983
1608704428558938112
1608704432044376064
1608714795108429827
1608716894177230850
1608717615614263297
1608719126658162688
1608719501226573832
1608719505928388608
1608719504141422593
1608719517076815873
1608719517999595520
1608719523481550848
1608719528627929088
1608719526132338688
1608719857788530694
1608720274786258946
1608722909639639041
1608723292025950208
1608723810899066881
1608723865135419395
1608724045192916993
1608724715807584256
1608724973539201026
1608725259783647233
1608733619522097153
1608733863634939908
1608733909004738560
1608734607343767552
1608734606819459072
1608734608312651778
1608734608123924481
1608734624548818944
1608734623739318272
1608734623496044545
1608734627912634371
1608738838486323200
1608740090095996935
1608741815196487680
1608745187190181888
1608747642464653312
1608748123261927425
1608749509294829569
1608749675452190720
1608749687707959296
1608749705747652608
1608749704959098883
1608749710269124608
1608749712827637761
1608749711649034240
1608749719169425409
1608749723686678528
1608749726073253888
1608749729260924934
1608756721421541376
1608757814582812672
1608760248327888896
1608760994867843073
1608761454286757888
1608762089304371201
1608764471132184577
1608764796564045824
1608764800385060865
1608764799084826625
1608764803614658561
1608764803379777537
1608764818110181379
1608764820618350594
1608764829497688065
1608764830512721920
1608764830437212162
1608766334892150785
1608767475310551040
1608769022853795840
1608769841623621632
1608770016262119425
1608771279699542016
1608777319614906370
1608779895538348035
1608779900458237952
1608779913422843905
1608779919303282693
1608779921446572038
1608779926634893313
1608779926047686657
1608779923283480576
1608779929860333570
1608779927750336512
1608781684555796480
1608783396284821504
1608784259489345536
1608785804968722432
1608788354111524868
1608789590978224129
1608789996303155200
1608790420699639811
1608791058170925056
1608791933052411906
1608795000573427714
1608795002448273409
1608795007129092097
1608795012397142019
1608795014016172033
1608795016004268032
1608795024829083653
1608795024795537408
1608795026158649344
1608795798149500928
1608795863106859009
1608797992454324227
1608798924197826560
1608807165619499009
1608808887498731523
1608809058785718274
1608809241049194496
1608809904281903104
1608810114039058432
1608810121874010113
1608810121739763713
1608810121697832962
1608810126005395458
1608810125397229569
1608810122909978624
1608810128656171011
1608811641558147072
1608817772762648578
1608821687776333825
1608824132170547200
1608824312710197249
1608824526338678786
1608825167651934208
1608825182814371842
1608825181191143431
1608825186790572033
1608825190762549255
1608825193685987328
1608825201785204736
1608825208227655682
1608825205677510657
1608825210207367168
1608825221594886146
1608825828804276226
1608834488708247553
1608835641357504512
1608836642063933441
1608836901775212544
1608838212939812864
1608840309852745730
1608840309810794498
1608840316437823489
1608840315406004231
1608840320011374592
1608840316987277312
1608840321949106178
1608840328618078208
1608840328173457412
1608841097283014656
1608841455883419650
1608844968629792769
1608846845241090048
1608852599838773250
1608852696794292225
1608853863364456451
1608855390695075842
1608855392532180993
1608855393228423168
1608855401629650944
1608855402908905474
1608855405404491779
1608855408214695937
1608855415143673856
1608855424614424577
1608855424878673921
1608856612135108609
1608857651970211840
1608859331948347393
1608859356963164161
1608866332774105088
1608866339149713410
1608866394195767296
1608868804662288384
1608869998419935232
1608870042439151622
1608870509416157184
1608870511521718272
1608870511450419201
1608870507906228226
1608870519738335233
1608870519738335232
1608870517943185412
1608870516248674305
1608870523710345217
1608870527489437701
1608871867594735616
1608879773610311681
1608885598395465728
1608885598085087232
1608885602275168256
1608885599553064962
1608885606373011463
1608885602791088130
1608885609782992896
1608885612790304769
1608885617068498944
1608885701491437569
1608886803544838144
1608890836040970240
1608892686031007744
1608894101629571072
1608895486412619776
1608897079719432202
1608897567563354112
1608900574904463361
1608900699701776384
1608900698200211458
1608900706177634306
1608900707067006978
1608900721113706498
1608900719448559618
1608900719318564865
1608900719121428481
1608901806243074048
1608905641246224385
1608910437936164864
1608910653695361025
1608912688150876160
1608912690642321410
1608912974181470209
1608913127156101121
1608913244261085184
1608913553704226816
1608915783878574080
1608915786655207426
1608915786009292800
1608915785849921536
1608915802710999042
1608915807534485510
1608915817932165120
1608915821425983488
1608915818557116416
1608916920539185155
1608917651526488065
1608921112041394177
1608921734119591937
1608924305781559297
1608928118781390849
1608930504803520512
1608930894013935617
1608930900557074433
1608930899336519680
1608930899202314240
1608930898703183872
1608930905242112000
1608930902847156224
1608930909356720128
1608930922111578113
1608935231805083648
1608936528851632131
1608936833618186241
1608937282194792448
1608941933422051328
1608942567353372672
1608944903106756608
1608946008142262274
1608946005260763136
1608946012684713985
1608946010897911808
1608946017461993472
1608946024911089664
1608946024378413056
1608946022524272643
1608946775049793536
1608950677803503616
1608953038684958721
1608953790308421632
1608959384415260677
1608960132481941505
1608961074153558016
1608961072651997185
1608961072232558594
1608961088103796737
1608961092507795460
1608961093334097920
1608961098652479489
1608961115983339520
1608963246387777536
1608963729584185344
1608966265372315648
1608966630234796032
1608967228984299520
1608971956811927554
1608976205986017280
1608976211769978881
1608976208439672833
1608976215012147200
1608976213250560000
1608976220447989762
1608976216920567808
1608976223618887680
1608976222176043008
