1608253141790691328
1608255588869218305
1608256884573868035
1608258664581992449
1608266370063695873
1608266425545654273
1608266458618007555
1608266473755271174
1608266483880329219
1608266486929588229
1608266499525079040
1608266504444973057
1608266522111410182
1608266521398370305
1608266524145614848
1608266541522644992
1608268371879161856
1608269772227059714
1608273771697160193
1608275499662336002
1608280722728488962
1608281577099755520
1608281587954638849
1608281610633314304
1608281618568957953
1608281622075301888
1608281621295206402
1608281628622655489
1608281639477559298
1608281646603685888
1608281645370544129
1608296692742340609
1608296690607333379
1608296699918954504
1608296708559044608
1608296714414493696
1608296718252257284
1608296722295554048
1608296730243497984
1608296727462780928
1608296733817053188
1608298482669854720
1608303326038265856
1608306855868076038
1608309585714053121
1608309583818244096
1608311754760638464
1608311756253806593
1608311759378546688
1608311784649248768
1608311790634663936
1608311795919224832
1608311803859161089
1608311824914464770
1608311826625843201
1608311838802055174
1608313876252360706
1608314067491463172
1608325606596399106
1608326836169342978
1608326844646064128
1608326853839970305
1608326861775597568
1608326890397245442
1608326907606732806
1608326929995927558
1608326937562300418
1608326934995554306
1608332018752053248
1608332267017101312
1608336040452055041
1608342010158804992
1608342010448183297
1608342017599500288
1608342024608190464
1608342025379926016
1608342032136675328
1608342031335854081
1608342045369991168
1608348617026473984
1608349643481485312
1608350244445503488
1608355132038684672
1608357088442327040
1608357107593793539
1608357132415696896
1608357131043889152
1608357129609437184
1608357136941318144
1608357135385235456
1608357134189854721
1608357139315318785
1608357140120612864
1608357143174053894
1608357142033047553
1608357258404012035
1608359600763580418
1608366677619773443
1608367419650895872
1608367805170339842
1608369125763715073
1608369289597263872
1608369388000010240
1608370300319666176
1608370622568046593
1608370727090102275
1608372224578449408
1608372224398102529
1608372229183795200
1608372235554721794
1608372240651026432
1608372239967076353
1608372239132401664
1608372442724016128
1608375970104475649
1608376055215296513
1608377955801071616
1608378513807081472
1608380318234329088
1608381578907975681
1608384031917498371
1608385632455229442
1608386543588343811
1608386786597785600
1608386850225266694
1608387317991108609
1608387322311213057
1608387326362914818
1608387328527183872
1608387331639382018
1608387329588350977
1608387333656567808
1608387336521269249
1608387343064629256
1608387959438573568
1608389315180089344
1608389867247136774
1608391231775686662
1608391321332453378
1608391675268808704
1608394184846893057
1608395788190879745
1608396329700524032
1608398196665126913
1608398794168872960
1608399791213674497
1608400880457650178
1608401815774662658
1608402415736295426
1608402420287127552
1608402424644894722
1608402435654942720
1608402432224071680
1608402432048136193
1608402438830313473
1608402443334987776
1608402440524828673
1608402440122159105
1608404232931282948
1608404352074481664
1608405593823531010
1608405597724246016
1608405968421019653
1608407179962335233
1608408496688746502
1608409611396157441
1608409923813277699
1608409997989347329
1608410055447310336
1608410592884453377
1608415492284334082
1608416475815022595
1608416769357795328
1608417518837985280
1608417524856627202
1608417523401388037
1608417522700914690
1608417529457934339
1608417529986416641
1608417532431716353
1608417538425360384
1608417535375941634
1608417541965185027
1608417541797433345
1608422577734656004
1608423130946494464
1608426998824574976
1608427931600293888
1608430053104447488
1608432625705680898
1608432625626251264
1608432625101725698
1608432623574999041
1608432623122284545
1608432626603528198
1608432633071177728
1608432635319291908
1608432636959272960
1608432640264384512
1608433144335671301
1608434902382542850
1608442015842435072
1608446361824890881
1608446423678480384
1608447033546870784
1608447715377135617
1608447714563616768
1608447722440523777
1608447728660668417
1608447726374772736
1608447733526036481
1608447736889630721
1608447740547330050
1608447739347750912
1608447741566550018
1608449515203317760
1608449940573032448
1608450598608994304
1608452641373446144
1608454215545880576
1608455396053721088
1608455507676925952
1608456496739934209
1608457528819564546
1608459646628511745
1608460049340588038
1608461147740463110
1608462118516293637
1608462808412291073
1608462809297457152
1608462819522920450
1608462818713694210
1608462826301014018
1608462827454435328
1608462827039113223
1608462834702204934
1608463625043447808
1608471265031122944
1608471878527770628
1608472133600182272
1608476117261770757
1608477923714994178
1608477922050072577
1608477928433635339
1608477927666257920
1608477932091244545
1608477929666932736
1608477934783975424
1608477934641369088
1608478564965294082
1608479481832017920
1608480847778168832
1608481620725465090
1608483354357252099
1608489422139293696
1608490981149523968
1608492790396207107
1608493019032084481
1608493022806937602
1608493027441659904
1608493027244527616
1608493030918561795
1608493028724834311
1608493036140466177
1608493035696033793
1608493032898433031
1608493037956792320
1608493156248559618
1608493160619016193
1608502101805613060
1608502624160206849
1608502881375911936
1608508126063644678
1608508124133982215
1608508135127543808
1608508134850723841
1608508134125080577
1608508133764173825
1608508139019583490
1608508139011293184
1608508137698635781
1608508137278939136
1608511250614435842
1608511815549419524
1608512039386841088
1608512140973047808
1608513238366576641
1608513564758753280
1608515185706246145
1608515356288770048
1608516986450984962
1608518675778404352
1608522804999118849
1608523065486446593
1608523231190736903
1608523235691270146
1608523233288146944
1608523235079127040
1608523237977194496
1608523237872340992
1608523237675122688
1608523239478947840
1608523238853971969
1608523236920147968
1608525100411768836
1608526809909305346
1608530472099016709
1608538315556364289
1608538319780220928
1608538326499315712
1608538330593136640
1608538328084746241
1608538334715838464
1608538333030002691
1608538332455116806
1608538339245981696
1608538338331435013
1608538702871158785
1608539162038403072
1608544132288372741
1608547464214376451
1608547910693826560
1608548897261031426
1608551785353936899
1608552358492897280
1608553128433188866
1608553406649729027
1608553406431477761
1608553417244561409
1608553416686710786
1608553423724752896
1608553424140013568
1608553430406287360
1608553434017587200
1608553436391559168
1608553707771252736
1608554083409080320
1608556693570613248
1608557912825417728
1608559013524045824
1608559078858715136
1608560020005978112
1608560794374914048
1608563118967521280
1608564171913691136
1608564249621659651
1608566103873294337
1608566403262713856
1608568280318636034
1608568518706098176
1608568524599078912
1608568529913085954
1608568527346356226
1608568526947880960
1608568526142595072
1608568536485728256
1608568591191793664
1608568671391125512
1608570014252290048
1608575711220236288
1608578294730858496
1608583607492251648
1608583606649212929
1608583606544535554
1608583614140387329
1608583619127443456
1608583629080494080
1608583631215423489
1608583636407967747
1608583635250315265
1608583636252753921
1608584456692023299
1608584892249526273
1608591178106114048
1608598707196526593
1608598711927721984
1608598713370574848
1608598719645220871
1608598716767965185
1608598727861886977
1608598731754201088
1608598731124785152
1608598736103669760
1608599739540598784
1608602842574749697
1608605784950046721
1608606447549710341
1608611475475812352
1608612331529043971
1608612955612131328
1608613773392347136
1608613781340585986
1608613794628120578
1608613791650185216
1608613797723508736
1608613805365530627
1608613809975070727
1608613815977115649
1608613815545135104
1608613815406694400
