1605714840902778882
1605719563123015680
1605722308777332736
1605723038862827521
1605723050845954048
1605723049365422080
1605723047561900032
1605723071712612352
1605723070273949696
1605723073142935553
1605726472580124674
1605727068477657088
1605727077533114370
1605727337487556608
1605728413586710529
1605729049426464768
1605729802232926208
1605729822885711872
1605729821589262336
1605729828531044352
1605729832406581248
1605729833375436800
1605729832914259968
1605729832750415874
1605729832725356544
1605729832658038784
1605730153505513472
1605730464202883072
1605732380903297026
1605732454970445824
1605733324504403970
1605733552682725376
1605734265987244033
1605737035951591424
1605740261585391617
1605740322008748032
1605740590498549762
1605741332646875139
1605743139196735488
1605744905590128640
1605744907653730304
1605744911646543872
1605744924585914368
1605744926783787009
1605744925626077184
1605744931661705216
1605744933037563905
1605747954383478786
1605748482437939200
1605748510833385472
1605748772327362562
1605750426992709632
1605750995622891521
1605754511384932353
1605754946347048961
1605757089388761089
1605759991713087488
1605760001510936577
1605759999778598913
1605760011384131584
1605760008184287232
1605760015192637440
1605760014412648448
1605760020401967106
1605760026387382272
1605760031684599808
1605763582242717699
1605766769242607622
1605773931973066753
1605774874093314049
1605775102204710912
1605775112182984704
1605775117182816258
1605775116436406272
1605775115421106178
1605775123168083968
1605775121859284992
1605775126380761089
1605775131112005633
1605775130197516288
1605781901515554817
1605790188440993794
1605790191914033152
1605790206107340800
1605790206006661121
1605790214235963393
1605790218203893763
1605790222687653888
1605790224730169346
1605790704562688001
1605793895148822528
1605794482162749440
1605795346881384448
1605797061559025665
1605801460331032576
1605802009822494721
1605802815238000641
1605804926826729475
1605805180384972800
1605805292142448640
1605805293748862976
1605805297565515776
1605805300010913799
1605805305538875394
1605805306067398658
1605805311708860416
1605805316183969792
1605805316628631552
1605805320068005888
1605806094801985536
1605810507524481025
1605811895998431234
1605813417134137349
1605813672638418944
1605816782509309952
1605817898110443520
1605818065379332096
1605818700841422849
1605820407944183809
1605820409001103361
1605820407650451457
1605820415934205952
1605820421160304650
1605820418295734273
1605820418929180677
1605820420397174785
1605820422519259137
1605820428253102080
1605820427795697664
1605820536713510913
1605829803587735558
1605831536598720516
1605832973940535296
1605834699317710848
1605834952985104384
1605835504053805057
1605835506213863424
1605835512240955392
1605835517307899904
1605835516380712960
1605835525205544960
1605835524509417473
1605835529760931846
1605836642522054656
1605841166431404033
1605842244405035008
1605843139444498433
1605844039273693184
1605846766963855360
1605847046425956352
1605847937170669568
1605850187297349632
1605850587450449920
1605850587953766402
1605850593951727619
1605850599785897984
1605850602205982720
1605850611655888896
1605850611341107200
1605850616315748352
1605850613283278848
1605850623085117440
1605851851009794049
1605858103039299584
1605861544427937799
1605862431971954688
1605864279219085312
1605865678413582336
1605865694662254592
1605865707253764096
1605865707102621696
1605865706062594048
1605865710810431491
1605865709921345537
1605865716812587008
1605865720264261632
1605865718745927680
1605865716845985792
1605867992423735298
1605873103892103169
1605873632688967680
1605873925862215681
1605877447798525952
1605879575832956928
1605879695526043648
1605880498613387264
1605880815048499200
1605880814503354369
1605880813933002752
1605880813421215745
1605880812842364928
1605880818244931584
1605880824234221568
1605880822229352448
1605880826943545344
1605880825706340354
1605883286777204736
1605885424534048768
1605885674548346882
1605888795500478464
1605891922446651394
1605893498640613376
1605895716731224066
1605895908582776832
1605895913582493698
1605895917487341569
1605895916413755392
1605895916396810241
1605895916010934274
1605895915440467969
1605895922101141505
1605895920331145217
1605895927541075968
1605896558939095041
1605897522580332544
1605897725777543168
1605899837253320705
1605903280407687169
1605904309895323650
1605904562262605833
1605908333331988485
1605909149337804801
1605911010359001091
1605911008551342087
1605911008626688000
1605911016277217280
1605911019553013765
1605911022228983808
1605911026771234816
1605911025597009920
1605911025546665984
1605913267716718595
1605914271107383296
1605914904765964288
1605916217696362496
1605916435640991747
1605917106381344769
1605917154586415104
1605919137213157381
1605919137213157381
1605919540151324672
1605920933838995457
1605921033944457216
1605921132485525505
1605921445648994307
1605925503873044483
1605926113137631232
1605926112084856834
1605926110625087488
1605926114962149377
1605926114878263299
1605926121429532672
1605926120934805506
1605926120238551040
1605926126584729600
1605926275356540929
1605929311818727424
1605929651234299904
1605930951581630465
1605931153743044609
1605931291609907203
1605933681503256577
1605934855782539264
1605937516632281094
1605939369860374528
1605939801890476035
1605941212732588035
1605941213911293952
1605941217614876673
1605941216876433408
1605941221364568066
1605941220957528064
1605941225877639168
1605941225873293314
1605941225462415362
1605947886826532865
1605953173583122432
1605953846345285633
1605954182195748864
1605955947549011969
1605955949016977408
1605956307172761600
1605956308384894977
1605956313078304771
1605956312533127168
1605956310712860674
1605956315318059010
1605956324302327809
1605957130405572611
1605959094329782272
1605960523551453184
1605961315226243073
1605961848276353025
1605962595730456576
1605963631564390400
1605965478446256133
1605968496378069007
1605968918765502467
1605969555636961280
1605969684154630145
1605971171991699468
1605971248021848067
1605971288396218371
1605971412103008256
1605971415856922631
1605971415202611206
1605971415051616259
1605971421053665289
1605971419846045696
1605971419526938629
1605971418864238594
1605971423780114432
1605971423398281217
1605972173109071882
1605973768563593217
1605976574951657472
1605977914339561472
1605978623629922304
1605979434070077440
1605979772877557761
1605980106354094080
1605980113341923336
1605980569338159105
1605980921588436992
1605985136360665089
1605986500629381136
1605986506149187584
1605986511010177025
1605986515972079616
1605986512767590400
1605986517331378176
1605986521403621376
1605986521907331072
1605986523555299328
1605986523052007424
1605986521298845696
1605986692208287744
1605987731170988032
1605991508959641600
1605995174617759744
1605995334085144578
1605996508586733568
1605998144663064576
1605998672759513088
1606001218567839744
1606001595203870720
1606001603357462528
1606001605190377472
1606001607396597763
1606001610726854656
1606001612886986752
1606001612106788864
1606001616947187720
1606001621825003520
1606002807995146242
1606006173898940417
1606007803843182594
1606007916846206976
1606013227057483795
1606014300803440640
1606014702114390016
1606016711068487680
1606016709537587202
1606016708509999104
1606016714101166110
1606016712406495232
1606016717435637767
1606016717196386304
1606016716143673345
1606016723416715276
1606016771139346432
1606016773777772544
1606017799884836879
1606018351880228866
1606023903138041857
1606024206650482688
1606024647375323136
1606025964798242817
1606026512599093248
1606027325123874817
1606031789180403712
1606031787062280192
1606031793785917440
1606031796235161601
1606031795991871489
1606031794649804803
1606031799892598784
1606031809002684416
1606031818884411393
1606031819522056213
1606031830435581952
1606033002449883137
1606040589803233282
1606042705573748736
1606045697404555274
1606046580183687168
1606046584998834177
1606046887307464704
1606046891753570305
1606046894710558721
1606046900674871296
1606046900506882048
1606046899005714432
1606046905200279552
1606046921960857600
1606046921356988422
1606048884458803201
1606052986819555328
1606054275695513600
1606055971796635648
1606057596192018432
1606057651917320193
1606057980901720064
1606061979822497794
1606061979608567809
1606061980812341250
1606061994867429376
1606062001486061568
1606062006166880259
1606062010806030344
1606062010361204738
1606062015461482497
1606062019215609858
1606062249344307200
1606064298220032000
1606065318379417600
1606068882711580673
1606074821707800577
1606075783105040384
1606077087445557252
1606077092210397185
1606077093426495489
1606077103996211200
1606077101299245057
1606077112439357440
1606077110086500352
1606077109851521029
1606077121528414210
1606077121167753223
