1645577696074960896
1645578407336464386
1645581476551962625
1645583933135032320
1645585075432722433
1645587221737611264
1645590369214554117
1645592405976940544
1645592414877253632
1645592413463891968
1645592428945240064
1645592452093337602
1645592470359773186
1645592473723363328
1645592498746667008
1645592497257684994
1645598969286873092
1645605693309812739
1645606023078502402
1645607085370130432
1645607219063300097
1645607327637344256
1645607523372679176
1645607554771488768
1645607561155039234
1645607564741099520
1645607570655293443
1645607577323991041
1645607577445707782
1645607584068517891
1645607585809088516
1645609576560041984
1645610362660864000
1645620531771715585
1645621976466112514
1645622006514106368
1645622630655852544
1645622634179076097
1645622636423045122
1645622654198505475
1645622656316878850
1645622656237023237
1645622678278086659
1645622692211572738
1645622691498692609
1645622691481763841
1645631259417231363
1645637737729388544
1645637736949227520
1645637745484922883
1645637747741188096
1645637757174444034
1645637772424650755
1645637778766454784
1645637776572928001
1645637776556318720
1645637788862230534
1645646273783951360
1645648025514315776
1645649177743900672
1645650190840262656
1645650521464913920
1645651143257718784
1645651890879987712
1645651961696354305
1645652330694557699
1645652850029252609
1645652847722369024
1645652852512022528
1645652850809135106
1645652858677923841
1645652858228932608
1645652865401118721
1645652871692558338
1645652891305164801
1645652896116264960
1645655696820584450
1645656221696008192
1645656224057397249
1645657516959752194
1645662961183211521
1645663318940745728
1645664474198687745
1645666519152574465
1645667275540684806
1645667936349347841
1645667937808703490
1645667954057437185
1645667951041814528
1645667950135836672
1645667978904584192
1645667976555941889
1645667987762950144
1645667994654109696
1645667992129220608
1645670113872592896
1645674027430850560
1645674252488822784
1645675548356517889
1645677499182112768
1645677766728089601
1645681783227260930
1645682934924410882
1645683028532908032
1645683029996716034
1645683029610835968
1645683043565285377
1645683048833327104
1645683056747982848
1645683055862874112
1645683062196371457
1645683058228486144
1645683166647304193
1645686339453480961
1645687199910834176
1645688206028050433
1645688275644952576
1645688382981275650
1645688720387981313
1645690204962045953
1645691781105827840
1645692308707323906
1645694558347444225
1645695913959079936
1645696268054700034
1645697097268867072
1645698024851619841
1645698150592593920
1645698164794458115
1645698163087667200
1645698161871077376
1645698169903144960
1645698171127865346
1645698170536574977
1645698174386831361
1645698177406730240
1645698186445570049
1645698184608464896
1645698203793367040
1645700202886574081
1645700390283796480
1645700390283796480
1645701906012987394
1645701906012987394
1645701953425403904
1645702565445742592
1645702760547885056
1645704198103891968
1645704297617956864
1645705979294629888
1645705982440353792
1645706859939090434
1645707580281352193
1645708648461508608
1645709173181775874
1645709215820926977
1645712057721925633
1645712400706940929
1645713014580994048
1645713272564334592
1645713271280861185
1645713285524729862
1645713285474398209
1645713284933337089
1645713288649662464
1645713287235919873
1645713289651920896
1645713293405814784
1645713291371528192
1645713567465762818
1645716320002899970
1645716587758878721
1645717531334672384
1645720763868282881
1645722627766378497
1645723297642946560
1645725908056121345
1645726555434254337
1645727690543206402
1645728119670853632
1645728197860896768
1645728334108655616
1645728337795375104
1645728346842742785
1645728348427935746
1645728379847450626
1645728380292157440
1645728385400750080
1645728393147588609
1645728390417088513
1645728620545994752
1645728664150056960
1645728664150056960
1645729238950064128
1645729562234421248
1645729853927202818
1645729945132384256
1645730802217394176
1645731845663801346
1645732063536922627
1645732117404438533
1645732202112491520
1645734683685138434
1645734799007416322
1645735280152805376
1645736026336362496
1645736928749207553
1645737931729174528
1645739016845705220
1645739938283921408
1645740078046511107
1645740478929723394
1645740626791596032
1645741377634836483
1645741941873692673
1645742536802152448
1645743467409154048
1645743474950692864
1645743474761711618
1645743488770744326
1645743487004942336
1645743486824480769
1645743491102785536
1645743490440085512
1645743492025425920
1645744529222389761
1645745382897471488
1645746986010963968
1645749321244241920
1645749349643694080
1645749354383409153
1645749745569112064
1645751411995553792
1645751444975353862
1645751536910471168
1645752539998978049
1645753272538640384
1645753861687107585
1645754701051314177
1645755484576571393
1645756218244308993
1645756218244308993
1645757556487233537
1645758208181514241
1645758384329596930
1645758511937093632
1645758526659207169
1645758556833021952
1645758560339460099
1645758566337224704
1645758576130940933
1645758574558081024
1645758574482665477
1645758578916220929
1645758588500033537
1645758590030946304
1645758605457780737
1645758760261156865
1645759040700702721
1645760192255066114
1645760965969956864
1645761198456029185
1645762326937710597
1645764013005975553
1645764911652298756
1645766834774319105
1645767118850228226
1645767477333311488
1645768825672028160
1645769483129180161
1645770436599242752
1645771730458140672
1645772069647405058
1645772677150375937
1645773085683994627
1645773561032761346
1645773592020303872
1645773670122487808
1645773675633811463
1645773674212122624
1645773679286951936
1645773678205100037
1645773678351663105
1645773687054901249
1645773686069182466
1645773689625952256
1645773689357565952
1645773804940017664
1645773857494650880
1645774116987842563
1645774803574423552
1645776123739897856
1645776577773404168
1645777804989018113
1645778509724303361
1645778564158201857
1645778571888132096
1645781302904524801
1645781320776273920
1645782396946489344
1645782396946489344
1645782396946489344
1645782396946489344
1645782396946489344
1645782396946489344
1645782396946489344
1645782396946489344
1645782396946489344
1645782396946489344
1645782396946489344
1645782396946489344
1645782396946489344
1645782396946489344
1645782396946489344
1645782396946489344
1645782396946489344
1645782396946489344
1645783020878831617
1645784514889646081
1645784715004362756
1645785207495163905
1645785775035015168
1645786098877202432
1645787351988453376
1645787474617339911
1645787474617339911
1645787550173511681
1645787690930167811
1645788750109380609
1645788766588788741
1645788763304644610
1645788770422386689
1645788779012329475
1645788777233932290
1645788781579214851
1645788785630924800
1645788788235599872
1645788915838881794
1645789622382002176
1645789747976245249
1645791581721759746
1645793181970337793
1645793181970337793
1645795334868832257
1645795656005718022
1645795951284715521
1645796113700761602
1645797104693178368
1645797444104634369
1645799201484455945
1645799693925117953
1645799693925117953
1645800794862800898
1645801742171516929
1645803110886150147
1645803459290214400
1645803459290214400
1645803863000375301
1645803863814074373
1645803862895497216
1645803869941936128
1645803874119458818
1645803871678373889
1645803875520368649
1645803878175358977
1645803879324614657
1645803887407034369
1645803972534636551
1645807602218180611
1645807809509068800
1645808513065828358
1645808513065828358
1645808513065828358
1645808513065828358
1645808513065828358
1645808659048566786
1645809599608672256
1645810082687643654
1645810082687643654
1645810154502512643
1645810210483900420
1645810428977770497
1645812161996898305
1645814682710859777
1645814918493470721
1645815444690059264
1645816295257161728
1645817626348904449
1645817770976706562
1645817798390689793
1645817847673917446
1645818237127467008
1645818489167568898
1645818953057353729
1645818949731221507
1645818956039569408
1645818968144330755
1645818974125322240
1645818975366815745
1645818986490126336
1645818982979579909
1645818989447110657
1645818988079751168
1645819622707564553
1645819776072048641
1645819776072048641
1645820174929625089
1645820955560669184
1645821455316443137
1645821455316443137
1645822095782182912
1645822725489848320
1645823094353965056
1645823199056125953
1645823936347746304
1645823990949085187
1645827164930179073
1645827258387398656
1645827533856817154
1645831227163672580
1645832093669130252
1645833052864794626
1645833148553363464
1645834055445774345
1645834054422364163
1645834060676071439
1645834064920707074
1645834069341609985
1645834069270228992
1645834075729428488
1645834075029028865
1645834076379553793
1645834082558025728
1645834234689462272
1645834751054315532
1645834993082433552
1645835415448846354
1645835434902052865
1645836673970757633
1645836861313630208
1645837383093620736
1645837823210029060
1645838285824983066
1645838930686746624
1645840430670704641
1645840430670704641
1645841955715153939
1645842032085041162
1645842648106663956
1645844048903585815
1645845178002083840
1645845773202997249
1645845985157951490
1645847427138682880
1645849162246701057
1645849167015600128
1645849165803540483
1645849170605907978
1645849171600060421
1645849178654818304
1645849179573440521
1645849188670885892
1645849189039976451
1645850192564965386
1645850676478595082
1645852169097330688
1645852610572828673
1645854140956921860
1645854394817171468
1645854442971975681
1645854687659270145
1645855321317953536
1645855726986747904
1645856446607773714
1645856515566325773
1645857691745804288
1645858448729427972
1645858651578482688
1645858981162917890
1645859757415190555
1645860194034028546
1645860291392196609
1645860966591246336
1645861682051272714
1645862220570542080
1645862406688591884
1645862682757844993
1645862857064566801
1645862878950612992
1645863440379166721
1645863533047959554
1645863641483300871
1645864057457594387
1645864229675716638
1645864238689271808
1645864248470564864
1645864262307401748
1645864261200105481
1645864266522677248
1645864276970688526
1645864275918065665
1645864279323869184
1645864282582818816
1645864293257170954
1645864446093557761
1645869404029087745
1645869404029087745
1645870658495352837
1645870701922983937
1645875593362169856
1645875929623961601
1645876260432650243
1645877138321715200
1645878167691988992
1645879009836691456
1645879354759561218
1645879352650002432
1645879352570118146
1645879352956010501
1645879356932395008
1645879362988789762
1645879362351398914
1645879368772616193
1645879382261612547
1645879586771664897
1645880866629976065
1645881254150295552
1645881356038152192
1645881965453750272
1645884774764904451
1645885136758513665
1645885232145465344
1645885259232296961
1645886162467160065
1645886343820759040
1645886599052271616
1645888223120437249
1645888673668317186
1645889468703084544
1645889567990374401
1645890104089620482
1645890175233404928
1645890836888952833
1645890836888952833
1645891768062205952
1645891979861958662
1645892562056781824
1645894441969000448
1645894463099932673
1645894460369416192
1645894465805078533
1645894468967751683
1645894475846152195
1645894472419483650
1645894479004459008
1645894482754441217
1645894588652048386
1645895724847050752
1645896448008138753
1645896496712220673
1645896988808957954
1645896996547624962
1645897721801322496
1645897828240162816
1645897828240162816
1645897828240162816
1645897828240162816
1645899861840257047
1645900040232206339
1645900246332108800
1645900837808488462
1645900837808488462
1645900897632022528
1645901892654882817
1645903598046396416
1645906684479705088
1645906793338482694
1645907492168249344
1645907492168249344
1645908912745377792
1645909562552365056
1645909564779380737
1645909570806763521
1645909567492980738
1645909573289508866
1645909582580178946
1645909581737132032
1645909584811270146
1645909584295624704
1645910047682097153
1645910859003338753
1645910887394430978
1645911049605095425
1645911145193123840
1645911456322314241
1645912322991611905
1645914950618034185
1645915411072929792
1645916193642123264
1645916610048434177
1645917293208010754
1645918124338974725
1645918600249716738
1645919175200702470
1645921886503575555
1645923782425718784
1645924646909276160
1645924650780700672
1645924654337466371
1645924654354427904
1645924665737764865
1645924664215224320
1645924668564439041
1645924683077021696
1645924680069681152
1645924684356255745
1645926535466024961
1645928691854180357
1645929863487062017
1645929928351776768
1645931004647833606
1645931326963326976
1645935762876112896
1645938176781873152
1645939721712062465
1645939721711878144
1645939720193548289
1645939728951148544
1645939753668182018
1645939763583627264
1645939766423347200
1645939771905130499
1645939770453835777
1645939783842033666
