1648476931166474246
1648488992814551042
1648490801381675008
1648490805869563904
1648491422801358849
1648491479697076231
1648491508474200064
1648491510789443586
1648491541919567872
1648491559829274630
1648491565592252417
1648491568133988353
1648491577168527364
1648491591395577856
1648491597846421508
1648492425806221312
1648492425806221312
1648492783228039168
1648493523690467329
1648495012005687297
1648495508967800833
1648496025987072000
1648496127963193344
1648496530700255232
1648496858627731463
1648497220088635396
1648497444483899392
1648497444483899392
1648497512490364930
1648497994554281985
1648498318409097218
1648499523701047300
1648499670958891010
1648499670958891010
1648500014988288001
1648500244894871555
1648501669003677699
1648501675022499842
1648502183825149953
1648502678182580224
1648504268570398721
1648504656585433088
1648505204793540608
1648505940482887682
1648506559486631937
1648506565975236611
1648506565560012804
1648506576783970305
1648506596484616193
1648506626771660801
1648506638704467968
1648506687513587712
1648506694169948162
1648506700364922882
1648508293650984960
1648513497045811200
1648513545620062208
1648514113168105472
1648516164593803264
1648518575270019072
1648520016361566208
1648520016361566208
1648520640591429632
1648520945211146240
1648521495919079430
1648521699204427778
1648521704107548675
1648521708809359362
1648521728946208770
1648521736521146369
1648521737078972420
1648521746511966208
1648521758985842688
1648521766892113924
1648521795799257089
1648523901268545545
1648524176574251008
1648524488286547968
1648525606802575361
1648527575927627777
1648528094461038593
1648528286820216833
1648530875179753478
1648530943832096768
1648532703078412290
1648533698650968064
1648533702870466560
1648536190847426560
1648536806172905472
1648536804763598848
1648536824569122816
1648536844445925376
1648536859805626371
1648536869741764608
1648536868097515520
1648536882580471815
1648536890436464644
1648537152882343939
1648539816584179712
1648540982114242564
1648542300111339523
1648544048591032320
1648546489424138241
1648549611760394241
1648551563227549696
1648551563227549696
1648551563227549696
1648551924558438400
1648551961321525248
1648551959975059457
1648551957953409024
1648551962810499075
1648551969936556032
1648551971022860288
1648551990455156736
1648551987309432832
1648551992665550848
1648552561845174272
1648552597979004928
1648553852042371073
1648556182502604803
1648556688050454529
1648556736662388738
1648556883626672129
1648558112981303297
1648558841146093568
1648559550163812353
1648560005119893504
1648560305377558528
1648560711768100864
1648560980320714760
1648561089947357185
1648561586695548936
1648561673911914497
1648561673911914497
1648562973894483969
1648563457480900608
1648564198534795264
1648565293436862465
1648566031173013504
1648566754375786496
1648567021670375425
1648567027777380353
1648567023780208641
1648567048463699968
1648567054465744896
1648567062208315392
1648567075605032960
1648567080306786306
1648567079333756929
1648567097725689856
1648567349417476096
1648567528224874496
1648567976952492034
1648568159308324864
1648568690093305856
1648569817064939520
1648570151028097024
1648570507527168001
1648570507527168001
1648570554658553857
1648573502381780992
1648574651818455040
1648574651340316672
1648574651818455040
1648574651818455040
1648574651818455040
1648574651818455040
1648575404750381056
1648575410014388225
1648575432688582658
1648575438418001923
1648575667183792131
1648576737301651456
1648576759871287296
1648577816475193345
1648578169216319493
1648578931891773440
1648578979849457670
1648579558587920386
1648580013854261248
1648580447138357250
1648580490775994371
1648580551283027968
1648581211395182592
1648581226276552706
1648581655878041600
1648581873415667713
1648582167159554048
1648582172406603777
1648582171152506883
1648582170456518656
1648582176492097536
1648582189611614208
1648582186134634496
1648582186537287681
1648582195496329216
1648582195022315520
1648582403118465025
1648582790454099968
1648583033098850304
1648583101453312001
1648583692661432320
1648584359438368769
1648584488560250881
1648584656873218048
1648585839289552897
1648586034261774336
1648586075571355649
1648586690573770754
1648588806080147457
1648589312382885889
1648589362106449920
1648589674175164416
1648590200832925697
1648593007845810176
1648593409525858307
1648593409525858307
1648594627795070976
1648595006939078656
1648595383159750657
1648595901810724864
1648596225153810432
1648596270595051522
1648596554796744706
1648596914122752001
1648597182411583488
1648597242415050752
1648597247741837313
1648597246743568384
1648597248081645568
1648597259263541248
1648597272723111936
1648597285998149632
1648597293455626243
1648597293279461377
1648597294772543492
1648597529108291586
1648597549828263936
1648597660478197762
1648597666186825728
1648597759195336704
1648598013714001926
1648598015978946560
1648598509191397377
1648598658093391875
1648598854332186626
1648598891191758849
1648600131388973057
1648600810702671927
1648601117293686785
1648601534517706752
1648602332249063424
1648602554207436800
1648602968407834624
1648603247047843842
1648603670227845121
1648604203844001792
1648604514360934404
1648605497921093632
1648605797742530560
1648605809775894528
1648606406621253632
1648606900743798785
1648606979969957891
1648607506581823498
1648607805547446272
1648608154362544130
1648608186146992128
1648608186146992128
1648608186146992128
1648608186146992128
1648608737794334722
1648608751711051776
1648609635836854274
1648609640245067776
1648610492288491520
1648610696748322816
1648611400179146752
1648611400179146752
1648611484849586176
1648611962337521668
1648612322145959937
1648612325102874630
1648612361027108867
1648612364336652289
1648612366056038401
1648612375795232769
1648612380295700480
1648612378261565445
1648612377158377472
1648612392538890240
1648612397224165376
1648612399380066305
1648613042383470592
1648613893135126529
1648613986231803904
1648614972237201409
1648615122389065729
1648615122389065729
1648615329575190535
1648615945219321863
1648616455418650624
1648616614894399489
1648616881161662466
1648617037835403264
1648617071171850241
1648617486697508865
1648617832224047106
1648618293610135552
1648618977415790592
1648619537359568896
1648619950540455937
1648619964503293955
1648620816907792384
1648620844883804161
1648620957240573959
1648621256277721089
1648621519117901824
1648621859041099785
1648622566481821699
1648623194767609857
1648623437881962496
1648623437881962496
1648623437881962496
1648623437881962496
1648623526201442305
1648623873066164225
1648624540904308736
1648625371699466240
1648626368991711232
1648626524159967232
1648626748488134656
1648627045914628096
1648627109416370178
1648627423636799488
1648627459061956608
1648627478263640064
1648627477823078402
1648627482554187776
1648627485687558147
1648627492314284032
1648627491819405312
1648627488820527105
1648627493736263682
1648627493358764033
1648627493149065219
1648627621222047744
1648627674380742658
1648627692877512707
1648627879805169665
1648628092485746688
1648628332529872897
1648628446141071360
1648628537027444737
1648628656971870212
1648628962086600705
1648629125349883907
1648629567429693441
1648629611234729985
1648629643358924801
1648629822279634945
1648630008330502145
1648630029838843906
1648630524364161024
1648630689481338881
1648631068533178369
1648631382476746752
1648631583920775170
1648632696313200641
1648632696313200641
1648632943168962561
1648633181808078849
1648633305405743105
1648633626639073281
1648633673929900032
1648634943432450056
1648635050945310721
1648635224253767683
1648635490591973377
1648635537484390400
1648635628651683840
1648635785367912448
1648636014477426692
1648636468007514113
1648636808236871681
1648638214809190400
1648638786861953028
1648638846496546817
1648639139992985601
1648640323432636418
1648640448032849924
1648641901854171136
1648641913711468544
1648642549454651394
1648642551287808000
1648642563656613888
1648642564365361154
1648642570409451522
1648642575627345920
1648642573630681088
1648642580492451840
1648642594283433988
1648642596246306820
1648642598922334209
1648642603506712576
1648642666693906433
1648642897347067904
1648643765953855490
1648643984275693569
1648644295912574977
1648644458433458178
1648644775413792775
1648644859174043648
1648644868929998849
1648644868929998849
1648644946365239303
1648645539473371140
1648646079691493379
1648646245680857089
1648646247685783552
1648646250365964289
1648646561017077764
1648646584110817282
1648646774913941504
1648646790869135360
1648647109174784002
1648647136135856132
1648647272530362368
1648647433470050304
1648647822118404096
1648647988724506626
1648647998044360710
1648648001429073927
1648648294518726659
1648648344494047232
1648648800204980224
1648649231190700034
1648650148946272258
1648650150208831488
1648650148606623757
1648650150208831488
1648650148606623757
1648650148606623757
1648650627977977857
1648651089695080450
1648651171257806848
1648651356243124230
1648651564549287940
1648651592814456835
1648651740206575616
1648651773198979073
1648651962244579331
1648651982671060992
1648652179178225665
1648652236942192640
1648652281452154880
1648652286573559809
1648652286573559809
1648652307125633025
1648652399626559488
1648652549266743296
1648653248427966465
1648653248427966465
1648653404657287168
1648653518180438017
1648653518180438017
1648653848993734656
1648653993940328450
1648654173020323840
1648654458417455108
1648655754881007617
1648655902793138176
1648656630689710081
1648656675346296832
1648657103798583296
1648657254961537026
1648657352843730945
1648657655450173440
1648657662328946690
1648657664958767105
1648657664233074690
1648657680842514432
1648657679743696898
1648657685561364481
1648657684344758275
1648657689373822976
1648657692511051800
1648657703924043778
1648657998212898817
1648658329827258369
1648658479391862792
1648658998369869825
1648659083803623425
1648659378898124801
1648659504551317504
1648659559009984514
1648659730309447681
1648659773108244483
1648660322335576065
1648660840902545410
1648661090614558726
1648661473940365313
1648661566173204480
1648662506762543104
1648662736430039040
1648663210977787905
1648663275712774145
1648663333250256896
1648663416666574848
1648663511852019714
1648664222455169027
1648664596239077378
1648664613666390016
1648664791530065922
1648665277578588162
1648665520110018560
1648665926240444416
1648666677679124480
1648666677679124480
1648667170371452930
1648667696114933761
1648668770104229892
1648668918213378049
1648669097901674498
1648669186481090561
1648669380480466944
1648669604909142017
1648669608768053248
1648670163011620866
1648670199464206337
1648670409288450048
1648670730693771265
1648671570359984129
1648671730343215107
1648671783053139975
1648671783053139975
1648671783053139975
1648672496483221506
1648672543551762433
1648672772527095809
1648672776352350210
1648672774884409344
1648672782228631553
1648672780953735170
1648672780836110337
1648672779506524167
1648672778948583426
1648672786657820678
1648672786079010819
1648672909865410562
1648673126438391809
1648673379271028740
1648673857312641027
1648674000099311618
1648674068638363650
1648674699637927937
1648674807448322052
1648675352238075905
1648675421389455365
1648675556358074373
1648675556358074373
1648675796108603392
1648676432086978562
1648676596541186053
1648676677319376896
1648676966113898496
1648677830157369344
1648677882900692995
1648678008125894658
1648678605302505472
1648678650957398016
1648678785812779010
1648678816137527296
1648678814682349569
1648678856155447299
1648679069373071360
1648679288827269121
1648679362290393088
1648679833189138432
1648680023665127427
1648680131953664000
1648680131953664000
1648680636914229248
1648681102448676864
1648681452110860292
1648681646474887174
1648681672093646850
1648681701478891521
1648681876930940930
1648681934413856777
1648682362933321729
1648682953566834690
1648682966233522178
1648683243980374016
1648683587783254018
1648683677042327552
1648683865500778501
1648684252949561347
1648684384264900609
1648684537038221314
1648684584601546754
1648684798368526337
1648684811244937218
1648685212891480064
1648685382148448258
1648686068567539713
1648686713873608704
1648686835575447553
1648686919729946625
1648687205148180483
1648687709819670528
1648687839633129473
1648687843995267073
1648687848411807745
1648687846222438402
1648687849548464129
1648687849393332225
1648687855361720322
1648687853453312001
1648687868594864129
1648687872592216064
1648687945321263105
1648688637670830083
1648688777626361856
1648689047710187520
1648689289851445251
1648689514213261312
1648689550145777665
1648689591438782465
1648689908339408896
1648689908339408896
1648690397239967745
1648691051102609408
1648691057486356481
1648691055313690632
1648691630290124800
1648692447973724160
1648692523874029569
1648692975482880009
1648693096396505089
1648693910766510083
1648693981725745156
1648694089515429888
1648694150206836740
1648694396127256576
1648694396127256576
1648694544102469632
1648694611169165314
1648694859870380032
1648695269608026112
1648695527775645697
1648695543831359488
1648695543831359488
1648695543831359488
1648695543831359488
1648695543831359488
1648695543831359488
1648695543831359488
1648695543831359488
1648695543831359488
1648695543831359488
1648695543831359488
1648695543831359488
1648695543831359488
1648695843531415554
1648696093591339009
1648696555409657856
1648696704437198849
1648697568002441221
1648697581793411074
1648697895653105664
1648698491026145281
1648698887790645249
1648699052295372801
1648699115377754113
1648699204712185857
1648699675724201986
1648699755466219520
1648700159562317824
1648700929321971714
1648701087002554370
1648701157055815683
1648701302820556801
1648701535566680065
1648702436796690432
1648702516711006208
1648702575850471425
1648702943552471040
1648702949177032704
1648702954457780225
1648702954327752709
1648702960829100033
1648702958828150784
1648702964763181056
1648702969527902210
1648702979841884160
1648702988238692352
1648702997621354497
1648703049131499521
1648703050436034560
1648703050436034560
1648703084195897344
1648703310856179712
1648703722757976066
1648704470556217345
1648705037789528069
1648705289011511298
1648705546751471620
1648705612677619713
1648705628351737860
1648705959865249793
1648706568328806401
1648706796276662272
1648709033707073539
1648709359667490816
1648709477128970241
1648709720918700033
1648709969036935170
1648710132073652231
1648710346016686080
1648710569136979969
1648710571057872898
1648711030938255362
1648711258022068225
1648711484002775040
1648711589942501376
1648711794477744129
1648711944688349186
1648712787009388544
1648713149242126338
1648713261557194760
1648713436786827264
1648714411077677056
1648714697728839685
1648714799516209154
1648715753531531267
1648716353115676676
1648716778606919688
1648717013655646211
1648717396486569991
1648717711571140608
1648717928244682753
1648718039884476417
1648718050097504256
1648718049657389056
1648718053230936064
1648718065755103232
1648718079814238212
1648718081970126852
1648718089431678981
1648718085912768516
1648718092254724096
1648718090174169090
1648718310106644483
1648718409641738244
1648718516315467778
1648719280454680577
1648719390647496706
1648719419068108800
1648719479763877888
1648719479763877888
1648719479763877888
1648719479763877888
1648719479763877888
1648719729920716801
1648720380213747715
1648720451869319169
1648720724595441666
1648720770279829511
1648721345835061248
1648721726862131204
1648721882370256899
1648722088054726661
1648722109491974144
1648722573595648000
1648723654493245440
1648723689058205704
1648723969824915466
1648724199882498048
1648724487792209920
1648725513182248960
1648725513182248960
1648725513182248960
1648725804950466560
1648726106319486984
1648726777315971072
1648727227486425088
1648727881726451714
1648728581277712384
1648728652593475584
1648729226579787778
1648729419752828931
1648729702507356160
1648729888298237958
1648730554886389773
1648730924471709696
1648730972756508678
1648731181733511184
1648731428685742082
1648731711813963777
1648731832677171201
1648732168540110848
1648732282671480832
1648732417463549965
1648732573768482825
1648732756304887809
1648732785237012480
1648733170756382720
1648733180617269249
1648733179149156375
1648733178536787973
1648733181313417216
1648733189014265856
1648733188427005952
1648733186887761921
1648733189492310026
1648733252654333973
1648734094061076498
1648734177431257114
1648734307664396298
1648734691535515648
1648734863753658368
1648734899690405934
1648735516521578496
1648735858533474304
1648736318501863424
1648736505182015488
1648737119123152897
1648737122520530953
1648737174181888002
1648737174181888002
1648737174181888002
1648738125978402843
1648738223948955672
1648738534918946816
1648738708021968897
1648738861801955328
1648739528201338901
1648739960793464851
1648740746948640775
1648740795778727936
1648741031490224140
1648741139178979334
1648741613974192156
1648741613974192156
1648741862134382610
1648742146080374825
1648742263504109591
1648742347642134528
1648742347642134528
1648742391547822104
1648742509391257602
1648742509391257602
1648742931896090624
1648743608600625161
1648743650334212096
1648743769544458248
1648744007546044450
1648744337801347120
1648744490796974095
1648744779331559433
1648744871266603008
1648745884790710282
1648746056564236310
1648746165377064983
1648746248667639814
1648746445363634185
1648746875741417472
1648747446057459729
1648747524054720512
1648748257705705473
1648748270166876161
1648748269932011522
1648748269277786114
1648748280095076353
1648748278794850304
1648748281176940549
1648748287703531520
1648748285278969858
1648748287262969856
1648748417298976769
1648748423615504386
1648748505740238851
1648748562165932033
1648748616410882063
1648748992874913794
1648749163046133775
1648749165004873742
1648749172583985152
1648749170503696387
1648749174693691392
1648749715234734080
1648749890984644608
1648749930758955016
1648750100779237379
1648750484570660871
1648751041532289041
1648751175116652544
1648751270755221504
1648751643473633295
1648752098626920463
1648752146043527188
1648752595417337857
1648752748957949955
1648752898635882606
1648753184599334932
1648753264886702086
1648753404301246465
1648753618877652992
1648753660002721794
1648753818744545300
1648754239605202951
1648754709107179521
1648754878863269906
1648754991266422784
1648755058228486146
1648755061827280906
1648755064813543424
1648755331080519680
1648755457920491545
1648756592400031766
1648757850775117841
1648757895847194626
1648758391790026753
1648758607192678416
1648758810926800911
1648758988337471506
1648759067525931009
1648759157971902464
1648759342118625302
1648759628161769502
1648759626765320192
1648759639192789009
1648759884949643300
1648759975894736909
1648760126244032512
1648760192505466881
1648760247283232770
1648760356238422017
1648760388123516950
1648760410663706624
1648760417458479120
1648760617681969156
1648760820002611232
1648761550365405184
1648761573412855828
1648761881778085899
1648762104675983391
1648762535246454802
1648763350103253009
1648763348412948518
1648763353362485248
1648763363327893526
1648763372962209794
1648763377341329408
1648763382860767259
1648763382575554588
1648763392390225922
1648763393631981568
1648763393631981568
1648763393631981568
1648763393631981568
1648763451768987684
1648763790916214806
1648764252360957981
1648764631257853952
1648765199493521420
1648766047179137032
1648766291312795687
1648766561857986581
1648766738245320704
1648766924027748354
1648767295810854918
1648767474983133217
1648767695477698566
1648767835580272641
1648767911408853026
1648767926906806388
1648768366973181954
1648768663053295625
1648768750974296071
1648769955884683277
1648770508068904962
1648771359776862210
1648772871227949056
1648773113730027530
1648773189416222722
1648773189416222722
1648773560674942982
1648773951118618626
1648774015417196547
1648774095268462593
1648774199220088832
1648774320812969984
1648774320812969984
1648774776993742848
1648774962109468672
1648775210915491840
1648775471386206208
1648775555259457536
1648775555259457536
1648775847665442819
1648775981144915969
1648776536386859012
1648776787386572802
1648776832479576073
1648777114303320065
1648777118740783104
1648777239771660289
1648777456478715912
1648777489806663680
1648777551072878593
1648777551072878593
1648777798432030722
1648778136027291649
1648778323013582853
1648778323013582853
1648778383453552643
1648778465813102593
1648778467524202497
1648778470485270530
1648778475354968067
1648778482741018626
1648778480375537665
1648778480174403585
1648778484523884544
1648778491456806913
1648778491083595778
1648778603075629060
1648779138885353475
1648779221609902081
1648779271945568258
1648779475277021189
1648779813191024642
1648779978807427074
1648780071665037312
1648780350846369794
1648780853386924033
1648781045829861376
1648781217918070784
1648781576975659018
1648784131197632513
1648784190475739136
1648784363503452161
1648785001071140869
1648785118385799168
1648785173457039361
1648785740581552134
1648785769954418688
1648785933272076289
1648785968382574594
1648786005749645313
1648786076088119298
1648786701781991424
1648786734107226112
1648787022897717249
1648787074013704197
1648787709849395201
1648788193154572288
1648788894459080709
1648789420571521025
1648789420571521025
1648789698293137408
1648790182810746880
1648790244630708225
1648790441431560197
1648790587196276736
1648790594561646592
1648790906537930757
1648790912024330240
1648791033046528000
1648791033046528000
1648791033046528000
1648791147664252931
1648791935035817984
1648792334513971202
1648792381053890562
1648793035822493698
1648793094005858305
1648793204014104581
1648793309362397184
1648793418234036226
1648793539067691008
1648793544771903498
1648793543777951746
1648793541743714307
1648793549234634752
1648793557791039496
1648793562992001029
1648793567966494761
1648793591211339777
1648793588195811330
1648793648555761668
1648795348477812739
1648795549682761728
1648795558956376065
1648795587418943488
1648795602749194243
1648795611267842050
1648796548606701574
1648797369746575363
1648797582221627397
1648798094702653442
1648798150272983041
1648798290228441092
1648798376962473984
1648798761114533890
1648798922977017857
1648799160185880584
1648799337600696329
1648800302093545474
1648800520855756801
1648800836766556166
1648801153700843520
1648801300241424390
1648801430952656897
1648802282220183555
1648802994299846657
1648803694576644108
1648803721353019393
1648804592337993731
1648806199817564160
1648806255312400385
1648806829885906944
1648807180764606472
1648808376321687553
1648808404771819520
1648808609395113984
1648808634850189312
1648808637681504256
1648808655452532737
1648808655226109953
1648808653653413888
1648808663631687680
1648808669293731844
1648808679838236672
1648808683848232962
1648810572069183489
1648811204226195456
1648811967946129408
1648812906148945921
1648812943008571394
1648813513467412481
1648813765771624450
1648813781256904705
1648814551620616193
1648815289025298434
1648815516318855168
1648817330133118976
1648819170618880000
1648819518586617862
1648819540824936449
1648819647548911617
1648820465677529088
1648820628047233024
1648822680295186432
1648822908511309825
1648823729537925121
1648823735263154176
1648823739683880962
1648823747275530241
1648823746789011457
1648823766405853186
1648823788832968706
1648823788073566209
1648823787981348864
1648824786779516928
1648825338292518912
1648827613828243459
1648828267082797058
1648829456100851713
1648829730131435521
1648834596979474434
1648834900362149889
1648835360716201985
1648835679303143425
1648835928297811970
1648836859567431681
1648836960478453760
1648838809834999810
1648838807783976960
1648838812510961669
1648838829552414720
1648838843825545216
1648838844169752577
1648838856932769793
1648838867393425408
1648838870295887873
1648838876952412160
