1650288707700768768
1650288886063546371
1650290948935659521
1650291022826557442
1650291209661759488
1650291222253129728
1650292542657667073
1650293007525052417
1650293089238409217
1650294160229011460
1650294982258089985
1650295291449409536
1650296485177700352
1650297033461301262
1650297747826958336
1650299017652502529
1650299151731634177
1650300111036006402
1650300169030606848
1650300292724916226
1650300502352044032
1650300754668978178
1650301587095449600
1650302056316514305
1650303086244818945
1650303343275696129
1650303455427432448
1650303455100293120
1650303459164340224
1650303466646958082
1650303471629881344
1650303481574567937
1650303495675817984
1650303510251208705
1650303511891169280
1650303522506776579
1650303884655742976
1650304205842706432
1650304452346228739
1650305599127560192
1650307123065024517
1650307566273003521
1650307861631868928
1650309920506388482
1650311091874930689
1650311709800759296
1650311983277785088
1650312147212042240
1650312521532989440
1650313111235166209
1650313470095794176
1650313944697917440
1650314092564054017
1650314527412748290
1650315281938382849
1650315281938382849
1650315281938382849
1650315281938382849
1650315281938382849
1650315615113187330
1650316872968011776
1650317074793746437
1650318525670608896
1650318559984201731
1650318557287432192
1650318587931033600
1650318590275469314
1650318597036580866
1650318608134987780
1650318613683884032
1650318617601363968
1650318632319336453
1650318644524580867
1650318643274608641
1650318920895660032
1650319057676120066
1650319892581695488
1650319892581695488
1650319892581695488
1650319892581695488
1650319892581695488
1650319892581695488
1650320420099244033
1650321490447925249
1650322872835907584
1650324633898319874
1650326221878853634
1650327216600002560
1650327418782007302
1650327433558769665
1650328959421411329
1650330425267744773
1650330927678074881
1650331325809979392
1650331325809979392
1650332562684772353
1650333261741137920
1650333657200992257
1650333667749683200
1650333682618490880
1650333687479672832
1650333709592035328
1650333719230808064
1650333725971087360
1650333729963880453
1650333730047918080
1650333737404489728
1650335298549841920
1650336035136471041
1650336079931920384
1650336199221846017
1650336619730436099
1650337108417216512
1650337279809032192
1650337415712882689
1650337669707345920
1650337966026551298
1650338289948278784
1650338368679559168
1650340294112555008
1650340294112555008
1650342516355481601
1650342750687047685
1650342922833756160
1650342922833756160
1650342965481463809
1650346223956631552
1650347420839182336
1650347502229417989
1650347616025169925
1650348312405442560
1650348473554993153
1650348473554993153
1650348764907859969
1650348771216171011
1650348777960775682
1650348788710617088
1650348786194038789
1650348806377189378
1650348810432905216
1650348830175510529
1650348832842997764
1650348836403965952
1650348918570352649
1650349279444365313
1650349593987784704
1650350335511375878
1650350883312668674
1650351917753614338
1650352587093299200
1650352621855678465
1650352989826322434
1650353884949368832
1650354193717428224
1650355392424161280
1650356297148289024
1650356390442201088
1650357843571228673
1650358270966595585
1650358270966595585
1650358270966595585
1650358270966595585
1650358270966595585
1650358270966595585
1650358270966595585
1650358270966595585
1650358270966595585
1650358270966595585
1650358270966595585
1650360228691562498
1650360515082833920
1650361016717561857
1650361423195963393
1650361567278505987
1650361652494098432
1650361922599129088
1650362921124511744
1650363187391348740
1650363860161839110
1650363886552629249
1650363893242372098
1650363897021452290
1650363895138189313
1650363893015879680
1650363909004468226
1650363913807044609
1650363910342467584
1650363915539185665
1650363927727931392
1650364369715228673
1650366195663503361
1650367039125729280
1650367211473629184
1650367831400148992
1650367978502774785
1650368051466977280
1650368253619847169
1650368504988573697
1650369533352214528
1650369536632266754
1650369539924807680
1650369886051237890
1650370172992073728
1650370487254384643
1650370928063176710
1650372352650145792
1650372427254202369
1650372969192116226
1650373225006747648
1650373282447630336
1650373332439560192
1650373763823722496
1650373833583390720
1650374048625352704
1650374771136421889
1650374850417135616
1650375027080978433
1650375851358183425
1650376359955537921
1650376418197487616
1650376620354547712
1650376643406360577
1650377469155852288
1650379004845629443
1650379006846590977
1650379005160300548
1650379007689478145
1650379012647133184
1650379009308360705
1650379021388005376
1650379021153124353
1650379020285136896
1650379033031344128
1650379033299804161
1650379039641673728
1650379044339458048
1650379220135051265
1650379304813965314
1650379649195692032
1650380050716569601
1650380118177509376
1650380355541823489
1650380677752188929
1650380805636497408
1650381213524275200
1650381454596030464
1650381822214254592
1650381861515034624
1650382138062118914
1650382575842541569
1650383089028280322
1650383607519690753
1650383857009532928
1650383897845170176
1650384033132724226
1650384079072686080
1650385576384688128
1650385648467976192
1650385866072772611
1650385920875692032
1650386167471194112
1650386470543282178
1650386587665182720
1650386659987406848
1650386888241430528
1650386950845616128
1650387092516552705
1650387092516552705
1650387108773675008
1650387166214881281
1650387342731911168
1650387497476661248
1650387644042424321
1650387681963134978
1650387911689355266
1650388068774363136
1650388168200396800
1650388597189607425
1650389318144344064
1650389455428108289
1650390059575549952
1650390461901598721
1650390465835925508
1650390467815645184
1650390463952683008
1650390916669251590
1650391392466894849
1650391555226624000
1650391631550468096
1650391656212963330
1650391897821552640
1650392218685825026
1650392281554223104
1650392443718606849
1650392556306411521
1650392896992886785
1650394101336899590
1650394108316332033
1650394106231660544
1650394112292421633
1650394133318516737
1650394132450365441
1650394131225624578
1650394137718411265
1650394136774602753
1650394136501944320
1650394144953729026
1650394181313896449
1650394332980207621
1650394332980207621
1650394527927091200
1650394725378129920
1650395581313867776
1650395858758782977
1650396643928227840
1650396794382168067
1650396824585359361
1650396852498341890
1650397271647723520
1650397665354563584
1650397928156962818
1650398282722549762
1650398409822466048
1650398657567490048
1650398784151777280
1650399155381043203
1650399645443432448
1650399994736680963
1650400444336701440
1650400726663966720
1650400932113309697
1650401164410892289
1650401417025265665
1650401557173923840
1650401636420841472
1650401682713636866
1650401690137382913
1650401749813940224
1650401797335392257
1650402072460767232
1650402373817229312
1650403103466835969
1650403103466835969
1650403211591798789
1650403250619707394
1650403253094432772
1650403272790777857
1650403427359379456
1650403479649746944
1650403510700105728
1650403584075333634
1650404205109329920
1650405074772844544
1650405080200347648
1650405195569065986
1650405280008802305
1650405381653372929
1650405960748511232
1650407240531099648
1650407256675045383
1650407917613379584
1650408256991293441
1650408390483476482
1650409198436458496
1650409203260063744
1650409205273186304
1650409208343298049
1650409208276189186
1650409214601207809
1650409218825146370
1650409226320134145
1650409231525314561
1650409234092154880
1650409991776378880
1650410111498690560
1650410333108928516
1650410425597542401
1650410755999645697
1650411568016891904
1650411568016891904
1650411635767672838
1650411867469119489
1650411875308380161
1650412574591143938
1650412701481312258
1650412698977333249
1650412795098267649
1650412972328484865
1650413013466509313
1650414237012103169
1650414422211305474
1650414422211305474
1650414545054121985
1650414651514011649
1650414651514011649
1650415270060539904
1650415751415705600
1650417351253278726
1650419097979559939
1650419115557806080
1650419115557806080
1650419115557806080
1650419214526685186
1650419536397586433
1650419536397586433
1650419564881084417
1650420442480406528
1650420616007385088
1650422179534630912
1650422256537853953
1650422318194122754
1650422600730828800
1650422801008934915
1650422869174763522
1650422937814482944
1650423078210490370
1650423297115398144
1650423640452628480
1650424190221135873
1650424297695969280
1650424309804937219
1650424313185734657
1650424317572702208
1650424319439253504
1650424322870091776
1650424321322434561
1650424336614846466
1650424335666913281
1650424334282784775
1650424400884162560
1650424459483021312
1650424579721138176
1650424732741763073
1650425242169352193
1650425242169352193
1650425242169352193
1650425242169352193
1650425242169352193
1650425242169352193
1650425405596114944
1650425798342443009
1650426087812235267
1650426132716552192
1650426132716552192
1650426304146071552
1650426388766154754
1650426657746960394
1650426811757600769
1650426811757600769
1650426811757600769
1650427366248706050
1650427418870513666
1650427526785769479
1650427604996964352
1650427867858124801
1650428460035186691
1650428621805309953
1650429129328664578
1650429198958317568
1650429228511363072
1650429454798274563
1650429491343130624
1650429607231799299
1650429630929567745
1650429712475336706
1650429819543343104
1650430480154599428
1650430847185461249
1650431763464830976
1650432083989233665
1650432523128696838
1650432523128696838
1650432797666836482
1650432797666836482
1650432804512059393
1650433737232875520
1650433737232875520
1650433737232875520
1650433800109805568
1650433841331417094
1650434228281131008
1650434293238210560
1650434380190437378
1650434710361743360
1650435590364471296
1650435737366544384
1650435765216727040
1650435765216727040
1650436303794601988
1650436303794601988
1650437028691992576
1650437084912525312
1650437098715971584
1650437285769248770
1650437403759509504
1650437693405384704
1650437693405384704
1650437693405384704
1650438186181570560
1650438729251581955
1650438750856523778
1650438932453285889
1650439390781374465
1650439407189520390
1650439408892407809
1650439414059810816
1650439412654788609
1650439418866483201
1650439421101998080
1650439426311585793
1650439425287913473
1650439425170571264
1650439436398731264
1650439450155970560
1650439567697166336
1650439659284058112
1650439665382719488
1650440006249377792
1650440033701097479
1650440511864336385
1650440906951016448
1650441016908947462
1650441112421556226
1650441779571748864
1650442618185056257
1650443673249673216
1650443806192418816
1650444048199561218
1650444057997463552
1650444260167000064
1650444277632188420
1650444994979803137
1650445058229825537
1650445441480138752
1650445491375853570
1650445869987053569
1650445939008479232
1650446009024106496
1650446115437772800
1650446987177623553
1650447070413635584
1650447504368971778
1650447547071184896
1650447712767049729
1650448021686026240
1650448023103631361
1650448098898870272
1650448738400256000
1650448991308468225
1650449737357688833
1650449945126662146
1650450783064711169
1650450884608786433
1650450919849443330
1650451394464215044
1650451570969165824
1650451619790700547
1650451640867069952
1650451638417518593
1650451640867069952
1650451676095037441
1650452773601722368
1650452775354941440
1650452969140154368
1650453268395376640
1650453315648405507
1650454495912927233
1650454505706897408
1650454510488244225
1650454509045391361
1650454530641870852
1650454529949696000
1650454528674738186
1650454528129396740
1650454527961595908
1650454535914024965
1650454553664589830
1650454921118982144
1650454995987210240
1650455273390342145
1650455492135714818
1650456062510727169
1650456281914769409
1650456288457883650
1650456424491753474
1650456455286251520
1650456529756123136
1650456628532064256
1650456947617935363
1650456947617935363
1650456947617935363
1650456947617935363
1650457001825009664
1650457001825009664
1650457001825009664
1650457082892566529
1650457235456421888
1650457351105974272
1650457675929649153
1650457780220747780
1650457780220747780
1650458132085198851
1650458153983590402
1650458283436539906
1650458490840965120
1650458552165621760
1650458563477905409
1650458804167880705
1650458932207407104
1650458998720585728
1650459066928447488
1650459612330577922
1650459950777245696
1650459948055248896
1650460389602385922
1650460446216814593
1650460577234288645
1650461021595729925
1650461021595729925
1650461108405248001
1650461337875513344
1650461857709432837
1650461882166247425
1650461947484045312
1650462037145731072
1650462086609207297
1650462087011876873
1650462129412096001
1650462246860931072
1650462580698120196
1650462750320087041
1650463631119728643
1650464116262281222
1650464156485664774
1650464161615212548
1650464158813388802
1650464444504489984
1650464533729738752
1650464569536442369
1650464904531279872
1650465029752233985
1650465168671883267
1650465325475930112
1650465790771048448
1650465833200545795
1650466075136479235
1650466406830424065
1650466426090672128
1650467474536640514
1650467509303222272
1650467620196433921
1650467767265423361
1650467942868590592
1650467948639711233
1650468485414240260
1650469330952556545
1650469605763166216
1650469612973182976
1650469610783666178
1650469616055988225
1650469614906667008
1650469620795551745
1650469619147177986
1650469630434058240
1650469629054144512
1650469633369972736
1650469829327876097
1650469835950751746
1650470116948049922
1650470146400571393
1650470243062497282
1650470250058592256
1650470347840290817
1650470414953463808
1650470412055367680
1650470412055367680
1650470483370942464
1650470703509168128
1650470889492971523
1650470937622396929
1650471127750434816
1650471494835900417
1650471600502845442
1650471794577666049
1650471981676916736
1650472085633011712
1650472190285053953
1650472309705064450
1650472656595210240
1650472808193970176
1650473340170125312
1650473611839385601
1650473933190078466
1650473982645116929
1650474086177316866
1650474099095863297
1650474104435142656
1650474261251801089
1650474649648496640
1650474700139626503
1650474903831736322
1650474966561824770
1650475338890092552
1650475347366879233
1650475418640678912
1650475557753159680
1650475889807720449
1650475906035601410
1650475974817882115
1650476109815750657
1650476650298048512
1650476925872119808
1650476937242976257
1650477069074149379
1650477245994000385
1650477413191524355
1650477540589305856
1650477755308318722
1650478099472207873
1650478283589337088
1650478529161617408
1650478740294586370
1650478759538053125
1650478759538053125
1650478759538053125
1650478759538053125
1650478759538053125
1650478759538053125
1650478759538053125
1650478759538053125
1650478759538053125
1650478759538053125
1650478759538053125
1650478759538053125
1650478759538053125
1650478759538053125
1650478759538053125
1650478759538053125
1650478759538053125
1650478759538053125
1650478759538053125
1650478759538053125
1650478759538053125
1650478759538053125
1650478759538053125
1650478759538053125
1650478759538053125
1650478759538053125
1650478759538053125
1650478759538053125
1650478759538053125
1650478759538053125
1650478759538053125
1650478759538053125
1650478759538053125
1650478759538053125
1650478759538053125
1650479235528552449
1650479235528552449
1650479247868272640
1650479341611134976
1650479357901586439
1650479380383055875
1650479747552403459
1650479908357914626
1650480088700317696
1650480147974242305
1650480180589207554
1650480346083782656
1650480423191937026
1650480580306296836
1650480750821556225
1650481400934432769
1650481489157521409
1650481661531021314
1650481848756195329
1650481885242355715
1650481938241658885
1650482133272502275
1650482239430434816
1650482518158716929
1650482534088572928
1650482570323214343
1650482635351764992
1650482794034876420
1650482871184834565
1650482943918309376
1650483633197821954
1650483681016918016
1650484435643408388
1650484433122623489
1650484532355661827
1650484719719522308
1650484719455281154
1650484721724407808
1650484723385528322
1650484722672205824
1650484730456948741
1650484732616929280
1650484731400577025
1650484731027378176
1650484730821763072
1650484738094960640
1650484739462303744
1650484748433719296
1650484748727271424
1650484799155363841
1650484914381373443
1650485270356148225
1650485784569589760
1650486036064083968
1650486158571327488
1650486249537564672
1650486876372094976
1650487025382969346
1650487339188142083
1650487456901349376
1650487573532254209
1650487930912112640
1650487935655899138
1650487940223582208
1650487940223582208
1650488042858086400
1650488165688397825
1650488176975261696
1650488370642944000
1650488453220675584
1650488698901876737
1650488698901876737
1650488698901876737
1650489012828643329
1650489263027265536
1650489454153420805
1650490214471671810
1650490366771052544
1650490391710547968
1650490442994122754
1650491493772152833
1650491616673648640
1650491782147497984
1650491787478290432
1650491901496229890
1650492116118765569
1650492140785475586
1650492218942136320
1650492236847542272
1650492315448889346
1650492326047825927
1650492468125925376
1650492480272433152
1650492559628673024
1650492559628673024
1650492559628673024
1650492620735496193
1650492897463083009
1650493218100846594
1650493218100846594
1650493273117540352
1650493537065025536
1650493741227036673
1650493817198444544
1650494357793808387
1650494429105471489
1650494599662632960
1650494794697768963
1650495178967326720
1650495232507617284
1650495405489094662
1650495443800043522
1650495508811763712
1650495534354898948
1650495887766855684
1650496062967144453
1650496889379274763
1650497357287440395
1650497477609496577
1650497553287323649
1650497596375351296
1650497835693907971
1650498131786620938
1650498252720963588
1650498338498789377
1650498422720327680
1650498552714633216
1650499041992613888
1650499367034408966
1650499367034408966
1650499414136438785
1650499510236217351
1650499551227158534
1650499622882746369
1650499678721417218
1650499718277996545
1650499812217827334
1650499811236274177
1650499815388659719
1650499815179005955
1650499818446307334
1650499818253434881
1650499819280973828
1650499824955817987
1650499827430572032
1650499830651793410
1650499836574154755
1650499843289403392
1650500035572903936
1650500035572903936
1650500164660936709
1650500632854290435
1650500637233143809
1650500906188697603
1650501098854121478
1650501241271713794
1650501313753493504
1650501384343638019
1650501552539418624
1650501863966486533
1650502168443596803
1650502385075101698
1650502615581556736
1650502879470407688
1650503013314842627
1650503138355412994
1650503400071524360
1650503586319675397
1650503744851771393
1650503802301079552
1650503961474899969
1650504214517276672
1650504295920304128
1650504356188364804
1650504810292977668
1650504982330736649
1650504984830541826
1650504989167476736
1650504987129139201
1650505177848242179
1650505174669049858
1650505217237032960
1650505217237032960
1650505371738578944
1650505372866682885
1650505572645470208
1650505582636417033
1650505767877853195
1650505780125405184
1650505997650206722
1650506028654395393
1650506121256267776
1650506290802704384
1650506520981917703
1650507164149006336
1650507164149006336
1650507164149006336
1650507164149006336
1650507164149006336
1650507397700501506
1650507492265263115
1650507543041433602
1650507569884979206
1650507705000374272
1650507798483017728
1650507954133532674
1650508462055469056
1650508462055469056
1650508562253086720
1650508643995987970
1650508691999801345
1650508741010157572
1650508846631116803
1650508926704664576
1650508926704664576
1650509035873943553
1650509143961157634
1650509329747910663
1650509363222552579
1650509673408221187
1650509784364220424
1650509891356827650
1650510267934023682
1650510441800507392
1650510585115582469
1650510673250582532
1650510790288449537
1650510874883260424
1650510983482228740
1650511213355212802
1650511412362452993
1650511831004225542
1650512036806180865
1650512112936972291
1650512441992773635
1650512921435226115
1650513272490061828
1650513342786678785
1650513389876129793
1650513389876129793
1650513389876129793
1650513389876129793
1650513389876129793
1650513389876129793
1650513389876129793
1650513389876129793
1650513436017565697
1650513849618149376
1650513963510054914
1650514034070888448
1650514053570207745
1650514255953764359
1650514539081809921
1650514766585110529
1650514908134486021
1650514910919499779
1650514910701395972
1650514909153599490
1650514909631848448
1650514916988579843
1650514914610429959
1650514914945933312
1650514929600831488
1650514926480285701
1650514939772280832
1650515199328149511
1650515262821617664
1650515299660177413
1650515921784504322
1650516054685122569
1650516144174841862
1650516193894121475
1650516244586455042
1650516446605197315
1650516862948524032
1650516894036705281
1650517078435086340
1650517498888896518
1650517757014712321
1650518096665255937
1650518375959871490
1650518595754147841
1650518595754147841
1650518725236277248
1650518794966532101
1650518828609327105
1650518997815664642
1650519540357558272
1650519716438642688
1650520087181271040
1650520112296804353
1650520202591760390
1650520354270466051
1650520706440896512
1650520736262496257
1650520900440129537
1650520929183596556
1650520936188182528
1650521284873256961
1650521333309095942
1650521456365772806
1650521636121067523
1650521671067992068
1650522096211050497
1650522236908871685
1650522487250210817
1650522495647186948
1650522832625860612
1650522994794430465
1650523328241627140
1650523328241627140
1650523328241627140
1650523502456324096
1650523505996300293
1650523507795566592
1650523513113960450
1650523708874694656
1650523830903873542
1650524163356983296
1650524660243603458
1650524748000968705
1650525344179564544
1650525432393920513
1650525439926980608
1650525736057331716
1650526467992834052
1650526592848855047
1650526592848855047
1650526652252708868
1650527050216644608
1650527080134725632
1650527091220152332
1650527162204602369
1650527337098756097
1650527459845054464
1650528138990895106
1650528236567162883
1650528430524358660
1650528430524358660
1650529002996523008
1650529082482802692
1650529177131417603
1650529387207426049
1650529656657911808
1650529660529266689
1650529728632061952
1650530003573182464
1650530006123134977
1650530012355756033
1650530011835768833
1650530011504340992
1650530008832548867
1650530014620778496
1650530018118836227
1650530023445606400
1650530027128213506
1650530045075570691
1650530126394687488
1650530453453959169
1650530586086260736
1650530648875061248
1650530658337300480
1650530695423434753
1650530794429882369
1650530808585932800
1650531000336760835
1650531035744985090
1650531293166202882
1650531399412387841
1650531585597349901
1650531607260848128
1650531847497981952
1650531997117235201
1650532013638656003
1650532295416201219
1650532403931168770
1650532617471623168
1650532719963566080
1650532775068303361
1650532802708877316
1650532802708877316
1650532802708877316
1650532802708877316
1650532802708877316
1650533511055515649
1650533595537195011
1650533766392315905
1650533797094473730
1650533933723930625
1650534536214659073
1650534656402501632
1650534811423965186
1650535376572887041
1650535471531929603
1650535490628599815
1650535569997410308
1650535624401727489
1650535704672215040
1650535957836201984
1650536339459428352
1650536606766452737
1650536635853942789
1650536648013238273
1650536736047665152
1650536764774260737
1650536798550994945
1650537045553446912
1650537282443657217
1650537522739412993
1650537586023170048
1650537587248074752
1650537702436085765
1650537772338524162
1650537958607400970
1650538017780641796
1650538626961534976
1650538626437222402
1650538749841793035
1650538842762489864
1650538927403716609
1650539076288753680
1650539076288753680
1650539117766225936
1650539149177368596
1650539164440444930
1650539409413140480
1650539629479641089
1650540097819770880
1650540100718321666
1650540100990664705
1650540161866903558
1650540448623079432
1650540529304711178
1650540636699869184
1650540762394923008
1650540794749796353
1650540822385795077
1650540864421199872
1650540949976780801
1650541087990194177
1650541085977104384
1650541491104931842
1650541547803353088
1650541600282488841
1650541609283645441
1650541628052975620
1650541818205855746
1650541904721838080
1650542003984248833
1650542020442697730
1650542187795427344
1650542284105035777
1650542515769184257
1650542521129267200
1650542794480525312
1650542883072618510
1650543016770252820
1650543095820218370
1650543122567548928
1650543124597420032
1650543385294385171
1650543531541377033
1650543721019060228
1650543757475950596
1650543861108813834
1650544421581074434
1650544620156203026
1650545067281592351
1650545087942914051
1650545091424006162
1650545097946046465
1650545097715462152
1650545100844412946
1650545103742677003
1650545118103863296
1650545126807068672
1650545126626799646
1650545130204540939
1650545160734797824
1650545214623297565
1650545453224669205
1650545513228382212
1650545527744868360
1650545602852208640
1650545802232705027
1650545866153898000
1650545889302261782
1650545900807241728
1650545973574217757
1650546006910554120
1650546063168745491
1650546114888708107
1650546238792630273
1650546310607515650
1650546867720323074
1650546969645924352
1650547023051993119
1650547151791960078
1650547167721926666
1650547255135416331
1650547666659704832
1650547783051489289
1650547823518322688
1650548286124699673
1650548450671439872
1650549224273063968
1650549494541430796
1650549760372224016
1650550163478392858
1650550166905290752
1650550341027475479
1650550553443807235
1650550553443807235
1650550553443807235
1650550553443807235
1650550553443807235
1650550553443807235
1650550553443807235
1650550553443807235
1650550769127501846
1650550943388250135
1650551116722057237
1650551139287572480
1650551178873262080
1650551215154159616
1650551316328984593
1650551382569615360
1650551472093036544
1650551505726976025
1650551896061489159
1650552034716790796
1650552097023176704
1650552223242366997
1650552318113517569
1650552450489917440
1650552477337497610
1650552562880495618
1650553050426224659
1650553050929541130
1650553050426224659
1650553136287821854
1650553464458555432
1650553523921203215
1650553939664809984
1650553942143643654
1650553967917641746
1650554112793096213
1650554328539705345
1650554362098270208
1650554509641363470
1650554664331489282
1650554953042370561
1650554964085985281
1650555112983605272
1650555864208617474
1650555955573141532
1650556049575882820
1650556229683490836
1650556274940031009
1650556371950088245
1650556581170360328
1650556607997128725
1650556619124617233
1650556719104237569
1650556758455115800
1650556794651959315
1650556900801404955
1650557274505592832
1650557357796085761
1650557523441913856
1650557677850746884
1650557916649332738
1650558083771293715
1650558117548023829
1650558236271968257
1650558291716751361
1650558304433897475
1650558574026805248
1650558724140945409
1650558751751938049
1650558765559676929
1650558805145444372
1650558857779769345
1650559098176299011
1650559098176299011
1650559115301642260
1650559217856573442
1650559266720210946
1650559784792522752
1650559819437203462
1650559983149277192
1650560182148104193
1650560200900837377
1650560206382809090
1650560206198427648
1650560205258620929
1650560204939902976
1650560208232488960
1650560217753550849
1650560216713289742
1650560220727238668
1650560231628472321
1650560235432562688
1650560327073816594
1650560367230083075
1650560440227749905
1650560670142808065
1650560778695499781
1650560801416044559
1650560803542540289
1650560935780659200
1650561028415971328
1650561039199510529
1650561070824824832
1650561246893076486
1650561264588922884
1650561425495175169
1650561516792430593
1650561531283685378
1650562236887212035
1650562278872293377
1650562323055009798
1650562402726064128
1650562504089812992
1650563057326739457
1650563131515494408
1650563151304220679
1650563362940411915
1650563536874008578
1650563667140792325
1650563667140792325
1650563667140792325
1650563667140792325
1650563667140792325
1650563667140792325
1650563667140792325
1650563667140792325
1650563667140792325
1650563915179253760
1650563971097714702
1650563983047376896
1650564033471209479
1650564035526418451
1650564054484762627
1650564316305711114
1650564567791960064
1650564683978399752
1650565209591894016
1650565233348337667
1650565267074719744
1650565307566620673
1650565627180900356
1650565644079751179
1650565960682868736
1650566078882357248
1650566515786145809
1650566651518017548
1650566829620748308
1650566969320431617
1650567210895564809
1650567230923440128
1650567286879576080
1650567414860374022
1650567848220139520
1650567889714307087
1650567992525328384
1650568395824193536
1650568585348096001
1650569116699197440
1650570299669110801
1650570404283441153
1650570538853572609
1650570634156466194
1650570649683779608
1650570706277523476
1650570706277523476
1650570706277523476
1650570706277523476
1650570713802104839
1650570892580376576
1650571007772467200
1650571301092745221
1650572001839403008
1650572001839403008
1650572001839403008
1650572001839403008
1650572001839403008
1650572001839403008
1650572001839403008
1650572001839403008
1650572001839403008
1650572001839403008
1650572001839403008
1650572001839403008
1650572001839403008
1650572001839403008
1650572001839403008
1650572001839403008
1650572001839403008
1650572001839403008
1650572001839403008
1650572001839403008
1650572001839403008
1650572001839403008
1650572001839403008
1650572001839403008
1650572001839403008
1650572001839403008
1650572001839403008
1650572001839403008
1650572001839403008
1650572001839403008
1650572001839403008
1650572001839403008
1650572001839403008
1650572001839403008
1650572001839403008
1650572001839403008
1650572001839403008
1650572001839403008
1650572001839403008
1650572001839403008
1650572001839403008
1650572001839403008
1650572001839403008
1650572001839403008
1650572001839403008
1650572001839403008
1650572001839403008
1650572001839403008
1650572001839403008
1650572001839403008
1650572001839403008
1650572001839403008
1650572001839403008
1650572001839403008
1650572001839403008
1650572001839403008
1650572001839403008
1650572001839403008
1650572001839403008
1650572001839403008
1650572001839403008
1650572001839403008
1650572001839403008
1650572001839403008
1650572001839403008
1650572001839403008
1650572001839403008
1650572001839403008
1650572001839403008
1650572001839403008
1650572001839403008
1650572001839403008
1650572001839403008
1650572001839403008
1650572001839403008
1650572001839403008
1650572001839403008
1650572001839403008
1650572001839403008
1650572001839403008
1650572001839403008
1650572001839403008
1650572001839403008
1650572001839403008
1650572001839403008
1650572001839403008
1650572001839403008
1650572001839403008
1650572001839403008
1650572001839403008
1650572001839403008
1650572001839403008
1650572001839403008
1650572001839403008
1650572001839403008
1650572001839403008
1650572001839403008
1650572001839403008
1650572001839403008
1650572001839403008
1650572001839403008
1650572001839403008
1650572001839403008
1650572001839403008
1650572001839403008
1650572001839403008
1650572001839403008
1650572001839403008
1650572001839403008
1650572001839403008
1650572001839403008
1650572001839403008
1650572001839403008
1650572001839403008
1650572001839403008
1650572001839403008
1650572001839403008
1650572001839403008
1650572001839403008
1650572001839403008
1650572001839403008
1650572001839403008
1650572001839403008
1650572001839403008
1650572001839403008
1650572001839403008
1650572001839403008
1650572001839403008
1650572001839403008
1650572001839403008
1650572001839403008
1650572001839403008
1650572001839403008
1650572001839403008
1650572001839403008
1650572001839403008
1650572001839403008
1650572001839403008
1650572001839403008
1650572001839403008
1650572001839403008
1650572001839403008
1650572001839403008
1650572001839403008
1650572001839403008
1650572001839403008
1650572001839403008
1650572001839403008
1650572001839403008
1650572001839403008
1650572001839403008
1650572001839403008
1650572001839403008
1650572001839403008
1650572001839403008
1650572001839403008
1650572001839403008
1650572001839403008
1650572001839403008
1650572001839403008
1650572001839403008
1650572001839403008
1650572001839403008
1650572001839403008
1650572001839403008
1650572001839403008
1650572001839403008
1650572001839403008
1650572001839403008
1650572001839403008
1650572001839403008
1650572001839403008
1650572001839403008
1650572001839403008
1650572001839403008
1650572001839403008
1650572001839403008
1650572001839403008
1650572001839403008
1650572001839403008
1650572001839403008
1650572001839403008
1650572001839403008
1650572001839403008
1650572001839403008
1650572001839403008
1650572001839403008
1650572001839403008
1650572001839403008
1650572001839403008
1650572001839403008
1650572001839403008
1650572001839403008
1650572001839403008
1650572001839403008
1650572001839403008
1650572001839403008
1650572001839403008
1650572001839403008
1650572001839403008
1650572001839403008
1650572001839403008
1650572001839403008
1650572001839403008
1650572001839403008
1650572001839403008
1650572001839403008
1650572001839403008
1650572001839403008
1650572001839403008
1650572001839403008
1650572001839403008
1650572001839403008
1650572001839403008
1650572001839403008
1650572001839403008
1650572001839403008
1650572001839403008
1650572001839403008
1650572001839403008
1650572001839403008
1650572001839403008
1650572001839403008
1650572001839403008
1650572001839403008
1650572001839403008
1650572001839403008
1650572001839403008
1650572001839403008
1650572001839403008
1650572001839403008
1650572001839403008
1650572001839403008
1650572001839403008
1650572001839403008
1650572198359228418
1650572273802199040
1650572472079532032
1650572734706098177
1650572948279812100
1650573766731390976
1650574162811838487
1650574191601635328
1650574359369506850
1650574447940624399
1650574456371175447
1650574490382786574
1650574601137578001
1650575067628068892
1650575143880515592
1650575310000119827
1650575309757095936
1650575307437400065
1650575307273822229
1650575314500608042
1650575313460420613
1650575319110148108
1650575318023823377
1650575321941307392
1650575329407164438
1650575515042865179
1650575814109593601
1650576077130203137
1650576376066367510
1650576537668706306
1650576591502848000
1650576673455104011
1650576711510024203
1650576872407719955
1650576872407719955
1650576953173237780
1650577034555588610
1650577034555588610
1650577270333923358
1650577458834337793
1650577614845665288
1650577808823836673
1650577895931142156
1650578033739194376
1650578056082251786
1650578160675610641
1650578210340364324
1650578247456026624
1650578313759318056
1650578372869898240
1650578518483296283
1650578524615368776
1650578675522232331
1650578761547407401
1650578761547407401
1650580188202164238
1650580221689487391
1650580223560146961
1650580359413743616
1650580510769291279
1650580581107769356
1650580813401169921
1650580959496896514
1650580989666643968
1650581273750937620
1650581381213200411
1650581427086303237
1650581454240227331
1650581459244032013
1650581625585926145
1650581732926562305
1650582252303130624
1650582677773230080
1650582708559421457
1650582975879192588
1650583201448964096
1650583248559300613
1650583368789008397
1650584005790580736
1650584028209094679
1650584052217290753
1650584052217290753
1650584052217290753
1650584430996586499
1650584464395837440
1650584947864879104
1650584967158661122
1650585103431790593
1650585147409043456
1650585342662279168
1650585461461594115
1650585618626363393
1650585654466605060
1650585664654655488
1650585732560330759
1650585817151074305
1650585948097224726
1650586343364329473
1650586349945102339
1650586655516966913
1650586751587459073
1650586838208225280
1650586838208225280
1650587195495837696
1650587417684897794
1650587521246437381
1650587712410341378
1650587867637325824
1650587975208562689
1650587986310881280
1650587999078428673
1650588773682499586
1650589252076314642
1650589294266818570
1650589518355996672
1650589927279566861
1650590081277632525
1650590159052611594
1650590391010488320
1650590396341166098
1650590400812335108
1650590400757768270
1650590398262263810
1650590402041217026
1650590403043684354
1650590413546201096
1650590426372399104
1650590431074189318
1650590550016270340
1650590632153423872
1650590712788910080
1650590827553366040
1650590945543434240
1650591182475362304
1650591443872784410
1650591507383025664
1650591510323142660
1650591643102486529
1650592118895681542
1650592118895681542
1650592220301369344
1650593483340619777
1650593489942355971
1650593579771871232
1650593632129536002
1650593655176962057
1650593915009900548
1650594048451788801
1650594361468497920
1650594376781897728
1650594376781897728
1650594376781897728
1650594376781897728
1650594435720151041
1650594501491150848
1650594550203777028
1650594552791572507
1650594556679983105
1650594663923851291
1650594720299782144
1650595741860237312
1650596365024501764
1650596729530490894
1650596787877453889
1650596852440375324
1650597202064973834
1650597765628436484
1650597926081536028
1650597943924146177
1650597943924146177
1650597943924146177
1650597943924146177
1650597943924146177
1650597943924146177
1650597943924146177
1650597943924146177
1650597943924146177
1650597943924146177
1650597943924146177
1650597943924146177
1650597943924146177
1650598438554181665
1650598640984150017
1650598725591396352
1650598725591396352
1650598822647570447
1650598974871736321
1650599286386597903
1650599484177498112
1650599484177498112
1650599710392983556
1650599876525170716
1650599876525170716
1650600023057375233
1650600176573095950
1650600177936334848
1650600214506381333
1650600290473615368
1650600516152328192
1650601183592189952
1650601330891694097
1650601500463210499
1650601517496279048
1650602012822609927
1650602159208013844
1650602238757183504
1650602342004170768
1650602713544007695
1650602891252473859
1650603408192311297
1650603546717323264
1650603718625075213
1650603721435258882
1650603721435258882
1650604059932368907
1650604401919139858
1650604778525696015
1650605000588926979
1650605015050997760
1650605493583331328
1650605498113073159
1650605506023530496
1650605512390483980
1650605518187012113
1650605517818200064
1650605521454374943
1650605526495928322
1650605529239003159
1650605529214107648
1650605691101388822
1650605792838426639
1650605795673776153
1650606035214671881
1650606060791537675
1650606204765216773
1650606766256693256
1650607002026909726
1650607131693817879
1650608300126347267
1650608374747103233
1650608730705125380
1650608778079793152
1650608884791353344
1650609041314390017
1650609066694041600
1650609195266310147
1650609502117322757
1650609937788338177
1650610048270319616
1650610079014748167
1650610244467212290
1650610355322617858
1650610387568476162
1650610495517347840
1650610495517347840
1650610667907416065
1650610860937576448
1650611018140385285
1650611313301659651
1650611974663811075
1650612425115172869
1650612986980048897
1650613423313498113
1650614149842444289
1650614371050225669
1650614407754293248
1650614842972327937
1650615117560811521
1650615427146366977
1650616055364984833
1650616854321283072
1650616862408069120
1650617049918627840
1650617596113190920
1650617680737497091
1650617685430943745
1650617758277681156
1650617763042410496
1650617763042410496
1650617763042410496
1650617763042410496
1650617763042410496
1650617763042410496
1650617763042410496
1650617763042410496
1650617763042410496
1650617854603976706
1650617937831641095
1650618190811078660
1650618371451305988
1650618830345973760
1650619086865408001
1650619671027089410
1650620379717840899
1650620556465655808
1650620579332988928
1650620596873490437
1650620598241067008
1650620603597217792
1650620608802062336
1650620612027588611
1650620621695459330
1650620624308432900
1650620622467219456
1650620701445959681
1650620712237899776
1650620734656454658
1650620919931387904
1650620919931387904
1650620934967918594
1650620997609857024
1650621028219904002
1650621135128494080
1650621565032177664
1650621755927478277
1650621755927478277
1650621862144094208
1650622175131435008
1650622289329676298
1650622412235390985
1650622618762969091
1650622657094639617
1650622657094639617
1650622710223863809
1650622738850287616
1650623311548760066
1650623311548760066
1650623318179868676
1650623361343430659
1650623779934986242
1650624226343174146
1650624226343174146
1650624230214586370
1650626110223269890
1650626134109741057
1650626898861359104
1650626898861359104
1650627660056346629
1650627759096430598
1650628247070154758
1650628565296377856
1650628665401651209
1650629164829949953
1650629414793936896
1650629454635601920
1650629480115740675
1650629633531056129
1650630065875570688
1650630065875570688
1650630065875570688
1650630065875570688
1650630760913616896
1650630916522274816
1650630933962190848
1650631416676319234
1650632824666324993
1650632869293981696
1650633143139934208
1650633210945064960
1650633588205842432
1650633696381206531
1650634077916250112
1650634275342147584
1650635242561245185
1650635699022962690
1650635698859560962
1650635702818709524
1650635702613286912
1650635708468535300
1650635715338727424
1650635719243714561
1650635725048520704
1650635722116812801
1650635726340653056
1650635732279492610
1650636282643759104
1650636420707495936
1650636559702704129
1650636581747716098
1650636717953523712
1650638082956480513
1650638430743801856
1650638908055601152
1650639213371568130
1650639843695939584
1650640486967697410
1650640646535774213
1650640646535774213
1650640646535774213
1650641218542419968
1650641770622119936
1650642065561198595
1650642065561198595
1650642632815652865
1650642726780534785
1650643032457498624
1650643056473800706
1650643415451795458
1650643449257787393
1650644296859623424
1650644416829202433
1650644486370762752
1650644673621377025
1650645244604567552
1650645252443713537
1650646152520376321
1650646252600672258
1650646252600672258
1650646252600672258
1650646876784304128
1650647293522067456
1650647876937351168
1650649659205992448
1650650201936257025
1650650532585897988
1650650709103353858
1650650791026253824
1650650802430541824
1650650809380528131
1650650816443711491
1650650819807662081
1650650823104290816
1650650822831751169
1650650822139686913
1650650826833268738
