1644130153147293697
1644134441596403712
1644134666402770944
1644135115180716034
1644135405892272128
1644135887230447617
1644139210952134656
1644142904582225921
1644142906742284288
1644142915306782720
1644142917311926272
1644142915701317633
1644142930020507648
1644142938824536065
1644142939420123136
1644142946718187521
1644143486525145088
1644146041086771200
1644152499211780096
1644154230939287553
1644156057676021760
1644157991166550016
1644157996317003776
1644158001106890754
1644158011806715905
1644158011798171648
1644158019029159936
1644158027317272576
1644158037823983616
1644158034959114241
1644158046661140481
1644158157378269184
1644159369721044992
1644159828149911553
1644164717554876417
1644164987362119680
1644173070192766976
1644173074210643969
1644173078186848257
1644173086470860800
1644173099103924231
1644173118213062660
1644173129877716994
1644173141546004480
1644173137993449472
1644175654634549249
1644178451212148737
1644182067826290690
1644183900019650563
1644185365866217472
1644188204764110849
1644188211462262787
1644188210619088896
1644188210342563841
1644188209327505410
1644188216042622978
1644188228407156744
1644188226549080064
1644188239190736897
1644188237706022913
1644190080276283393
1644192940854767616
1644194363298267136
1644194877226250241
1644203250344771584
1644203259656118272
1644203259043667970
1644203285023211522
1644203286809935876
1644203292468051970
1644203311577350145
1644203308402475009
1644203314173689856
1644203324806418432
1644203823420801028
1644204776119214081
1644210689093804032
1644211574838640641
1644213297045028864
1644216337672052738
1644216599350751232
1644218032623894530
1644218034276429824
1644218419145736192
1644218416646041600
1644218421469495297
1644218421314240515
1644218420714684416
1644218431867174912
1644218431099621377
1644218429430267907
1644218434060787712
1644218437156085760
1644218826991575040
1644220545137889281
1644221448482082816
1644223522217291777
1644227821215309827
1644229922255253504
1644231284942680066
1644231900100173824
1644233501141606400
1644233502718607363
1644233508750229504
1644233508716707840
1644233506753507330
1644233510972948481
1644233531399233536
1644233532728922112
1644233536184958976
1644237165495238657
1644238010299437056
1644239987880206336
1644242486200619010
1644242635719327745
1644247337206677504
1644247475450966016
1644248585150558213
1644248596848451585
1644248594822881280
1644248617220202496
1644248616133881862
1644248625214545920
1644248623343972353
1644248628758757376
1644248634999930882
1644248636161769472
1644250309814890497
1644254945648992256
1644255273656152064
1644255914889715713
1644255971030515712
1644256788353515521
1644256791759388673
1644257878201577472
1644258477647319047
1644258500984332290
1644260549163724803
1644261052459151361
1644261288288108544
1644262311631151106
1644263256507424771
1644263706308517889
1644263708451913728
1644263713560469504
1644263712545538048
1644263721621962752
1644263722565730305
1644263734058143745
1644263734351675392
1644263733198200832
1644263741616459777
1644264107741151233
1644264773318475776
1644265324290928643
1644267096010883073
1644267911807135744
1644268348765769730
1644268465405202432
1644268911335026693
1644269776305364992
1644269872174727168
1644272548241080320
1644273742502141952
1644273979048316929
1644274122078453762
1644274186758635523
1644275211427012615
1644276156319911937
1644277304510619648
1644278223675564033
1644278787159339009
1644278821766455297
1644278829416869890
1644278827936260097
1644278836043890689
1644278834890432513
1644278836513898496
1644278842234748930
1644278842092126209
1644278840460718081
1644278839097319425
1644279239108075522
1644280516521127937
1644280625732415488
1644280871891894274
1644281017123893249
1644281232602136576
1644282629624156160
1644284968590360576
1644285095124123648
1644286972641308672
1644287211951538181
1644287336908218368
1644287689179426816
1644291095138795524
1644291685717819392
1644291760791617536
1644291760791617536
1644292518077423616
1644292763758755840
1644293919335755776
1644293925404913665
1644293925371346944
1644293929578160128
1644293929054109696
1644293926747090946
1644293933747281923
1644293937786437636
1644293933982261249
1644293938579230720
1644297635761668098
1644298317168254976
1644300620709412866
1644301994641727489
1644301994641727489
1644302032252051456
1644302917174714370
1644308725170073603
1644309002363478018
1644309007329292291
1644309006901469191
1644309010785394688
1644309008944336897
1644309016816828416
1644309033149513729
1644309035888328705
1644309034185502720
1644309037700325378
1644309050195341315
1644314684441460736
1644315370344382465
1644317283433476098
1644317955226841092
1644318147053273089
1644318208827039744
1644319045460566019
1644319093032452098
1644319095565819907
1644320801481449472
1644321572906315778
1644322582013804544
1644322635692556289
1644323160899067904
1644324074368237568
1644324118140190721
1644324116680278016
1644324116588118016
1644324121877045248
1644324122346831875
1644324127891771395
1644324130185945089
1644324131159126018
1644324129653379073
1644324139589574657
1644324425431433220
1644325198752088064
1644325216217169921
1644325266632720386
1644325955551342592
1644328932940939265
1644331516158255104
1644333733816725505
1644337844129873925
1644339208012681226
1644339211435122691
1644339218141814792
1644339218343424000
1644339235988578304
1644339235904684034
1644339233035878401
1644339232956194819
1644339694270816258
1644340944710545409
1644341072531795970
1644341428015734788
1644343279272468481
1644344166007156737
1644346023416832000
1644346193277865987
1644348927599075333
1644349483411468292
1644349483411468292
1644349515133009921
1644350092038602753
1644351818539888644
1644354301861478402
1644354313978880000
1644354317871198208
1644354318877728769
1644354323026006016
1644354327107051521
1644354325727117314
1644354324305444873
1644354329237762048
1644354339215908870
1644354352520507399
1644357568024723457
1644359981159047168
1644363053725634561
1644369409941676041
1644369407563497473
1644369413120851972
1644369415679483908
1644369415855652865
1644369420687425538
1644369425796046849
1644369437582032897
1644369435904360451
1644369438257426433
1644369547711983617
1644370904439201793
1644372207261327361
1644373730204823552
1644373937525071874
1644376194434076672
1644376487091654658
1644377132465029121
1644377831286112268
1644378963190349825
1644379015224909829
1644380765755408386
1644380811343298565
1644382198433185807
1644382223120859141
1644383505327980554
1644384041691381777
1644384490687537152
1644384490142171160
1644384493778751488
1644384504306335744
1644384502087548964
1644384509549334528
1644384510526488587
1644384525772783625
1644385571039477769
1644387147762237459
1644387894977593344
1644388547950944256
1644389028043554844
1644389802895081483
1644390026128531456
1644390627172286492
1644390688388153353
1644396941650927623
1644397211592138767
1644397709225349120
1644397774496997376
1644398670685642752
1644398784158343177
1644399613250609152
1644399612378193927
1644399612101378048
1644399616593473536
1644399619533676544
1644399619005202432
1644399628689833984
1644399637673984006
1644399637275766784
1644399659853463552
1644403666118647808
1644405379906904070
1644405904559808515
1644406938640195584
1644407441008861187
1644407441008861187
1644407685108977664
1644408499747659792
1644408869526077441
1644409024341843973
1644410565459329024
1644411955036266516
1644412177242103832
1644412876801867777
1644413385830801432
1644413796281200640
1644413885213024285
1644414074023972864
1644414564241481747
1644414701479108608
1644414703823724575
1644414716931092481
1644414714418528256
1644414719866937353
1644414723956383763
1644414722215747619
1644414732844113929
1644414735708823580
1644415125338693649
1644415647802171397
1644416919997489154
1644417289205293076
1644417384000757786
1644417607028678681
1644417744455049250
1644419099827531793
1644419471711301642
1644419471711301642
1644419471711301642
1644419471711301642
1644419471711301642
1644420917198565376
1644421787935993856
1644424608651821056
1644424900243861505
1644425329447153667
1644426046823956480
1644426878474924033
1644427789758783488
1644428934941929478
1644429815955484684
1644429815712305152
1644429813258567686
1644429817591353345
1644429836298104832
1644429834028810241
1644429835551342594
1644429834318147592
1644429834242719744
1644429992993103873
1644430595211272192
1644431103401291790
1644431208363749379
1644432107135987731
1644433388659437586
1644433388659437586
1644433388659437586
1644433637029343244
1644434400149401618
1644436075526463488
1644436075526463488
1644436773584400392
1644437757492621316
1644439635328659457
1644444902984482818
1644444904888897537
1644444904633040896
1644444909225607170
1644444909578117120
1644444912149200896
1644444919996592128
1644444922378944512
1644444924891348992
1644445877035999232
1644446553325678593
1644447158555545606
1644447646935920644
1644448912122712064
1644449163344506881
1644449519201918979
1644450272163315716
1644454432577290244
1644454763050795010
1644455116655808513
1644455507971719173
1644456157732388865
1644456157732388865
1644456886714941444
1644459579223277569
1644459983042646017
1644459993255788545
1644460002302648322
1644460008417927168
1644460017003683840
1644460022762487809
1644460026612928512
1644460024415272960
1644460028546658304
1644462718932467712
1644464741861998592
1644467670471917573
1644472858381373441
1644474109412163584
1644475097854672896
1644475095505592321
1644475098680774659
1644475106373128195
1644475105920286722
1644475113427939329
1644475117139812352
1644475121992626178
1644475131106938880
1644480099712921601
1644483006772436992
1644483634135543812
1644486345073590272
1644490177102983174
1644490193700016128
1644490196547948544
1644490200033230851
1644490199165026304
1644490213341667328
1644490211777290243
1644490228579672066
