1646664714280398848
1646667785546657795
1646669004939972608
1646670317111197701
1646672467446968320
1646674663819337729
1646674777887629313
1646675897863340032
1646678500936413184
1646679058783285248
1646679607914168320
1646679618609627138
1646679616839352320
1646679621713231874
1646679632693829633
1646679630978457603
1646679633817894913
1646679633784627203
1646679656316260354
1646680341115969536
1646682366981681153
1646682403979800577
1646688487356133378
1646694666723573760
1646694690526310402
1646694716958969856
1646694718330269696
1646694721153282048
1646694738551078913
1646694753151377409
1646694751369039872
1646694758868197378
1646699195607420928
1646700556352913411
1646700635339870210
1646700659616649217
1646700702146744321
1646700722161963008
1646701804225167362
1646702344627707906
1646706193325236224
1646707548228026368
1646709758009720836
1646709779388063744
1646709793342586882
1646709821092102145
1646709825911377921
1646709838150287361
1646709837764481024
1646709836917223425
1646709846819864576
1646709859339890697
1646710655662329857
1646713656011259905
1646713836383215617
1646719028248076288
1646724875984449536
1646724896989360130
1646724893914824704
1646724904421584896
1646724923292000257
1646724939834175489
1646724937443340291
1646724944510824448
1646724950609506309
1646726939871420417
1646727761526939649
1646729178400583681
1646729225670656000
1646730443830566914
1646735159604183041
1646735628954992640
1646735750648545281
1646735952298082304
1646738336415875073
1646740013785264128
1646740013327998978
1646740024212312065
1646740023742439424
1646740033448329216
1646740044122669057
1646740049457733632
1646740052414803970
1646740052330831872
1646740057234227200
1646742496662175747
1646746110961016832
1646746333770924033
1646749217132511233
1646749403678662656
1646749686835957760
1646750218707140608
1646750453143597058
1646751289534021633
1646752075307446275
1646752298909982722
1646752427821899778
1646753579909230593
1646754912506888197
1646755116639309824
1646755123438186497
1646755133810720768
1646755133378682881
1646755135614341120
1646755135140376579
1646755141196959744
1646755151045328896
1646755154681638912
1646755154480230400
1646755151762341889
1646756048718659585
1646756108156166145
1646757873484017664
1646760373494722561
1646765177532973058
1646765700642471940
1646766802310160384
1646767020283658241
1646767023819505670
1646768204218355713
1646769658509557760
1646769698422542337
1646770186924728320
1646770186102669312
1646770195611156480
1646770207304630272
1646770214145499137
1646770229316583424
1646770230306254849
1646770239919599616
1646770245464465408
1646770246634860544
1646770258370256896
1646770554148405249
1646770758717259777
1646771320028291078
1646771321244614657
1646772525207113728
1646774320700563456
1646775195212959744
1646775336384843778
1646775667646771200
1646775829316132866
1646777414649798656
1646777896780922882
1646780578157543424
1646782977987289089
1646783441663324161
1646783735700881412
1646784901625044992
1646785125005533185
1646785315275784197
1646785315275784197
1646785318232772608
1646785317897216001
1646785321697447938
1646785326319280128
1646785342022770688
1646785344744878080
1646785357978169345
1646785355398381569
1646786378842112001
1646786581947195398
1646790273236598784
1646791727037173762
1646792890365116417
1646793633561976832
1646794031492464640
1646794265714991106
1646798135119982592
1646798229063753728
1646800052923379712
1646800427541774338
1646800436937015297
1646800435909369858
1646800433510248449
1646800435301453830
1646800437415145472
1646800444675735553
1646800442028859392
1646800448106508288
1646800449167851521
1646801290389868544
1646801530924720130
1646802963963211776
1646803116992479232
1646804920434081794
1646805030924632064
1646805085337399298
1646805492935827457
1646808796478554113
1646808839151403009
1646809345059848192
1646809525180067841
1646810233434525697
1646810419271553026
1646810419271553026
1646810419271553026
1646811387392393217
1646811783846404097
1646812874608656386
1646813423806689280
1646814137282965504
1646814965817389057
1646815367803858946
1646815515799699456
1646815523689095168
1646815529967972352
1646815537924829184
1646815537488355332
1646815544258035715
1646815549245083651
1646815546107731970
1646815545759617025
1646815714278359041
1646817169492123651
1646817878702714881
1646818294500868096
1646818595010146306
1646818753504485377
1646818991074160640
1646819109504536576
1646819131700785153
1646820436204822530
1646821357571678209
1646821654792683520
1646822709995663360
1646825061746081792
1646825484557090816
1646826582001037315
1646827028568502273
1646827112035151873
1646827165713854466
1646827578513149955
1646827952468901888
1646828046446391296
1646828783846957058
1646829139654062081
1646830365502218240
1646830605278085122
1646830608763551744
1646830607161237506
1646830613226311680
1646830620696248320
1646830624261435392
1646830624018145281
1646830635292454913
1646830649905676290
1646832318219276289
1646833625759989760
1646836467686154240
1646837346417930242
1646838108967534592
1646838719083606020
1646841726525493248
1646842419378257922
1646842565231091713
1646843769394741248
1646844748433436674
1646845730366054402
1646845736896671745
1646845737672507392
1646845743884279813
1646845747575365635
1646845746962919425
1646845752566599682
1646845751408852993
1646845748623843328
1646845754919591937
1646845964525731840
1646846180360613889
1646846417451859972
1646847416732205058
1646849327967469570
1646849351837454337
1646853404407496708
1646853463186309121
1646853991198859264
1646854338193629185
1646855790836477952
1646855925993549824
1646858243719954433
1646858426331398144
1646858919111794688
1646859590674399233
1646859673511813121
1646860573689147393
1646860808842772480
1646860822562340864
1646860821182709761
1646860819433500673
1646860830762471425
1646860845660479493
1646860851477987328
1646860851691790336
1646860853063417858
1646861479507836928
1646861934749274112
1646862355236528129
1646863764334018560
1646865890607247361
1646866484637888518
1646868712593473536
1646868809532276736
1646869601437859840
1646870009216630784
1646871520877182977
1646871527512498183
1646871527512498183
1646872218893271040
1646872385164038144
1646872531758903297
1646873290932203521
1646874204510343174
1646874722146066433
1646875091651764224
1646875339656658947
1646875436217933825
1646875921666969600
1646875924216807424
1646875928314757120
1646875933800902656
1646875930739068928
1646875946031489025
1646875944605319168
1646875945356378114
1646875947730194433
1646876126625828864
1646876502837927936
1646877689318440962
1646877742606974977
1646877886471700481
1646880043006607361
1646880157674635266
1646881400304418816
1646882046982205442
1646882513841799170
1646882892344176641
1646883573641756674
1646883621003841540
1646884677938970626
1646885555559444481
1646887330412744707
1646887397257248769
1646888145852538881
1646888145852538881
1646888806497304578
1646889533466607617
1646890359257980928
1646890640360235008
1646891017562464257
1646891015989542915
1646891015226179585
1646891016157372416
1646891017193357314
1646891032355782660
1646891034415177728
1646891045572018180
1646891046071148544
1646891364779450369
1646891753151266818
1646891801549193217
1646892647003623426
1646892666494263297
1646893092937814021
1646893884587253760
1646894178981298177
1646895479072931842
1646898609764597760
1646899621749243906
1646899621749243906
1646900990858211329
1646900990858211329
1646900990858211329
1646901114271408130
1646901231007461376
1646901275773091849
1646903285331132416
1646903476927057921
1646903996488253441
1646904720584318983
1646905220092289024
1646905431418077184
1646905512229756929
1646906116549353474
1646906125139468293
1646906126666199041
1646906125999063042
1646906130264645636
1646906136514183169
1646906136459890690
1646906151605338113
1646908420744724480
1646908420744724480
1646910832779853824
1646911823176941574
1646912310307434499
1646912534027423745
1646912700667027456
1646913330957934593
1646914525877133312
1646915031026606080
1646915441409785858
1646915461987155968
1646919019646050305
1646919265168023559
1646919439575572492
1646921228244901902
1646921229490700288
1646921234658267140
1646921239322058769
1646921243948376077
1646921247958130724
1646921246284587011
1646921248444669963
1646921254216056832
1646921251334545413
1646921401650106369
1646923118668046361
1646923445924421651
1646925509836562435
1646926567275126788
1646926714667188224
1646927729734869016
1646928472596709383
1646928491634638848
1646928805448015896
1646929334584614945
1646930752922173440
1646932129631051780
1646932172148711426
1646932938997616641
1646933198914588673
1646933460810866702
1646935059394330625
1646935816277467147
1646935848145788936
1646936336664764433
1646936335737823237
1646936339521363968
1646936338665447432
1646936343912620032
1646936342884917253
1646936352926171136
1646936352372531200
1646936971221016577
1646937964579262464
1646938108338864128
1646941355816394776
1646943005427761152
1646943866505797664
1646944547358777347
1646944721745354772
1646947717044641815
1646948311847272448
1646948835078316035
1646948970801799168
1646949670680403968
1646950926253543432
1646951109368467473
1646951431948193799
1646951431793004544
1646951428584361991
1646951434175369248
1646951432963215365
1646951435442028544
1646951440785592337
1646951447089631242
1646951445680336896
1646951449694445568
1646951677189148706
1646952811811295254
1646953458959024128
1646955466138763265
1646955853705261056
1646956399241330688
1646957485012701184
1646958180507832345
1646958180507832345
1646958226079096832
1646958284308463621
1646958926393495564
1646959331907194889
1646959693103878155
1646961575897583625
1646961978362023953
1646963896027172892
1646964063589617672
1646964574694825984
1646966494826319897
1646966507950297094
1646966514694737920
1646966513939763212
1646966513713270793
1646966539680112640
1646966544050671648
1646966552405655552
1646966560077107359
1646966599297933313
1646969975893119014
1646971139292385294
1646971706739773452
1646971986684399623
1646972476985884672
1646972550356914177
1646972793811095557
1646976896050110468
1646977070835159041
1646977303967068160
1646978124515618817
1646981535302823936
1646981613153050626
1646981617578115075
1646981615405416448
1646981621105692672
1646981627221012480
1646981635261308929
1646981638864220164
1646981636741820421
1646981642672820225
1646981647206866944
1646982674626617344
1646982799596068865
1646983563013763072
1646984134680510464
1646984134680510464
1646984974158172162
1646986938983776256
1646988553191079937
1646989432480833538
1646993123103457283
1646993408249020417
1646995887959207936
1646996717613596675
1646996716749725696
1646996719115042820
1646996721224884230
1646996724278349824
1646996731396251648
1646996737469341696
1646996745363107843
1646996747070197760
1646996743459057666
1646997029845979137
1646999788033019904
1647000908369399809
1647001280584228865
1647001352600707073
1647004629153054721
1647011572135661568
1647011771394191362
1647011778373533698
1647011792499908609
1647011790868316161
1647011793514971139
1647011807666610176
1647011822644629504
1647011834199781376
1647011840835166208
1647011851153166340
1647013068415684615
1647015571098329089
1647015861062860801
1647016971286847494
1647017623258021888
1647023824137859073
1647024333254959106
1647026872046297088
1647026905558794240
1647026904761872385
1647026913938907137
1647026919462825987
1647026917575409664
1647026921967063040
1647026941206188034
1647026941017423872
1647026945585213440
