1650651381198364672
1650651755804516353
1650652844494843904
1650653248955752448
1650654051556573185
1650654233153404929
1650656082694373376
1650656181235449858
1650656324974260225
1650656569195995138
1650657007026749440
1650657709438672896
1650657800601882625
1650657892893093889
1650659148026064896
1650659602675924992
1650660774077947907
1650661080585084929
1650661555288133636
1650662081673453568
1650663340840984578
1650663695100329984
1650664114715508736
1650664830251020288
1650665831276191750
1650665840725880832
1650665854613200896
1650665874083422208
1650665873886138370
1650665875664404481
1650665881066786820
1650665896573128704
1650665916051464193
1650665924238737409
1650665984066297857
1650666536053473282
1650666536691019777
1650666536053473282
1650666631226376196
1650667392756768768
1650667418321125376
1650667418321125376
1650667418321125376
1650669288997416960
1650669561283264512
1650670098133422080
1650671619440795648
1650672415624626182
1650672874158714881
1650673988056788992
1650674102313848836
1650674134773293062
1650674346304626689
1650674460691771392
1650674554610515970
1650674984338046979
1650675627219877889
1650676088702480386
1650676241165369344
1650676651406028802
1650677570751406080
1650677867934629888
1650677867934629888
1650678008993263616
1650678399193477126
1650678439374905345
1650678439374905345
1650678457989251072
1650679345411653632
1650679939954245632
1650680597411508224
1650680969311952896
1650680972273401856
1650680984608579587
1650680995857956866
1650680994956025856
1650681002438676480
1650681005777342465
1650681010919440384
1650681008252149760
1650681014681841665
1650681035280064514
1650681847976964096
1650682264462696448
1650682836762935298
1650684348809748484
1650684363435024389
1650684517840203776
1650684595640344578
1650684610605617152
1650684826784268288
1650685485491056642
1650687357031464965
1650687914865508352
1650689185064583168
1650689396440539137
1650689559728979969
1650689672153034755
1650690080082739200
1650690161519345666
1650690201738461185
1650691364370219015
1650691390534217734
1650692173593976833
1650692646099202052
1650693451573530624
1650693590576939008
1650693913684897792
1650694660879446018
1650694939750068226
1650694949174669313
1650695975072157697
1650696046819852288
1650696059721588738
1650696065656451072
1650696071822311425
1650696084665278465
1650696088012062720
1650696093250756608
1650696101329256448
1650696100821516289
1650696118215360514
1650696271898836996
1650696336734388227
1650697181056344064
1650697803205574656
1650698129145233409
1650698136388501506
1650698578216583170
1650700359805947909
1650701506641797123
1650702386170667008
1650702756716621824
1650703049105588226
1650703680696360961
1650705309697024000
1650705805790830594
1650706389088497667
1650706425302200320
1650707086060265473
1650707235834847233
1650708508445143040
1650708713810919424
1650711130782695424
1650711146226409473
1650711150391095310
1650711160868737026
1650711164886843392
1650711206850703363
1650711212064223234
1650711211011371010
1650711220629143558
1650711220058574849
1650711228820631552
1650712408321855488
1650714124798525445
1650714566207086596
1650714587128274944
1650714771069517829
1650715467043192835
1650715744186044417
1650715820324974592
1650715866751725568
1650715930245095425
1650716628424835073
1650716895522222080
1650717322620051457
1650717514240851970
1650717672659906560
1650718066123354112
1650718142912512002
1650718526272073728
1650718565782126592
1650720512664911872
1650720839179055104
1650720955855953920
1650721649505849345
1650722145788461058
1650723519993454592
1650723522681925633
1650723949557215233
1650724082080530434
1650724413623668736
1650724552413003776
1650724601410777089
1650724783125057536
1650725200487497728
1650725200487497728
1650725822058168320
1650726025662439424
1650726284128034816
1650726299911036929
1650726307993452544
1650726315559907330
1650726315450855427
1650726315157499904
1650726316281405440
1650726320199041025
1650726324007489536
1650726345788522496
1650727842995671040
1650727842995671040
1650728254666416129
1650728592915963905
1650728714081116167
1650729017178476547
1650729132483923972
1650729277271207937
1650729311379365889
1650729419214823428
1650729459522191361
1650729691043573761
1650729968979304450
1650730102697897984
1650731440672321536
1650731502076870657
1650731502076870657
1650731557164818437
1650731846794190848
1650732790088884225
1650733326242652172
1650733877374377984
1650734066134667265
1650734121910685697
1650734154290429957
1650735118611300354
1650735392520560642
1650735533826375680
1650735539648077827
1650737258301911041
1650737903952351232
1650738244080791552
1650738911402942467
1650739369832218625
1650739501927395331
1650739690557915136
1650739718861062146
1650739841162698752
1650739956736749568
1650739993634013184
1650740212924919812
1650740238837227520
1650740396949897217
1650740502784770048
1650740517238616064
1650740549874339842
1650740632221102081
1650740691222274048
1650740801356419072
1650740863406940164
1650741359899295745
1650741372738236416
1650741387334123520
1650741393231343616
1650741395148161024
1650741404929490945
1650741402936983553
1650741402106736642
1650741414005751809
1650741425607172097
1650741654066806784
1650741700606799873
1650741776531980288
1650742074524704768
1650742589597839362
1650743396179255297
1650743638950047750
1650744367714385922
1650744368440176640
1650744368440176640
1650744368440176640
1650744368440176640
1650744368440176640
1650744368440176640
1650744368440176640
1650744368440176640
1650744484299145218
1650744495808413706
1650744844405358592
1650744990300008450
1650745207757983744
1650745229048250371
1650745585958531072
1650745585958531072
1650745725075030017
1650745779185647618
1650746077178658816
1650746379868700672
1650746950914916352
1650747253659779073
1650747264699101186
1650747262400692224
1650747267459031042
1650747306906636290
1650747431288553474
1650747535982489600
1650747585244839936
1650747681600307200
1650747769827782656
1650748978898812931
1650749628386615297
1650749699346018305
1650749868061622272
1650749925070868482
1650750336280264705
1650750576857055232
1650750708210352128
1650750937303064576
1650751163707392000
1650751591308304384
1650751930736451584
1650752271724998656
1650752516663943168
1650752516663943168
1650752770398466048
1650752927366037506
1650752946404196354
1650753120903786497
1650753460114010112
1650753482671144960
1650753877673758725
1650754116052742144
1650754199821639681
1650754878514376705
1650755507106316289
1650755529705426944
1650755649435738116
1650755818193666048
1650756222595809286
1650756371631972354
1650756371631972354
1650756371631972354
1650756484823654401
1650756489131307008
1650756498920800256
1650756498056790016
1650756502557278208
1650756505799626753
1650756511226896385
1650756515060408324
1650756515257806848
1650756514892718080
1650756527001673730
1650756539496398853
1650756656018456577
1650756757126299654
1650757196613836805
1650757215240716294
1650757431096377345
1650757537581391874
1650757967338143745
1650757982760882176
1650758578322694144
1650758616914198528
1650758671205384194
1650759031017951239
1650759123753918464
1650759269283921920
1650759549152886785
1650759716975394818
1650759722046312451
1650760435098943491
1650760859751161857
1650761219446382592
1650761303797923840
1650761415672889345
1650761415672889345
1650761415672889345
1650761531125055491
1650761570476064769
1650762159318507520
1650762452399796225
1650762554992467969
1650762791781801984
1650762828280725505
1650762932265918465
1650763134620008449
1650763160100524032
1650763206678265857
1650763292447522820
1650763455715049473
1650763493505654785
1650763670283235332
1650763766672269313
1650763837686132736
1650763961191526400
1650764127000748032
1650764164002881536
1650764164002881536
1650764187532943360
1650764259985350657
1650764471114125312
1650764573136375808
1650764774567825410
1650765271106191360
1650765308574027778
1650765341922848769
1650765609100083202
1650766148516958208
1650766268725592064
1650766460376190983
1650766517150130176
1650766706476736513
1650766728362590208
1650766930481913857
1650766937696215040
1650767210070122496
1650767573422579717
1650767865107079168
1650768155118116864
1650768338035900417
1650768596438593540
1650768639077806081
1650768806308986880
1650768920129810440
1650769040443424769
1650769122987212800
1650769162766041093
1650769172157067265
1650769182286331905
1650769315765837824
1650769495986929666
1650769912111980547
1650769912111980547
1650769960694697986
1650770026696257537
1650770091871703040
1650770200839569408
1650770280980312064
1650770651467186178
1650770658924666880
1650771146797613056
1650771318659338240
1650771587421949956
1650771584334934017
1650771591385477122
1650771602211045377
1650771600961155072
1650771607819005962
1650771607433125888
1650771605344116739
1650771624151379968
1650771627246796801
1650771632234074112
1650771679608549378
1650771694972203016
1650771694972203016
1650772003064803329
1650772069032816640
1650772291536470016
1650772664917585920
1650772661998350337
1650772915397226497
1650772941322289153
1650772941322289153
1650773071383412736
1650773071383412736
1650773071383412736
1650773071383412736
1650773140442607616
1650773401156440065
1650773622569435136
1650773711039918081
1650773807676702721
1650773883778203649
1650774026434822144
1650774034869547010
1650774110107049984
1650774110107049984
1650774375094800384
1650774422981156864
1650774632239357952
1650774664564572160
1650774761218232323
1650774761218232323
1650774761218232323
1650774761218232323
1650774761218232323
1650774761218232323
1650774761218232323
1650774761218232323
1650774761218232323
1650774761218232323
1650774980177666048
1650775064860565505
1650775480570724352
1650775544391139328
1650775672309022721
1650775746959540225
1650776176674369538
1650776183494045704
1650776183494045704
1650776407792836613
1650776532942561282
1650776613095702528
1650777129372749825
1650777507598041089
1650777633272090624
1650777650997211149
1650778367040299009
1650778455896735744
1650779177056870403
1650779178222985217
1650779313187201025
1650779401078951937
1650779454569070593
1650779529277845506
1650779585426882560
1650779923571777549
1650780150102130699
1650780186550444033
1650780307975462912
1650780549055758341
1650780944041639937
1650781071754002433
1650781152725147652
1650781284749156352
1650781450738753537
1650781449375846400
1650781449375846400
1650781470846337024
1650781564014395392
1650781632453042177
1650781632453042177
1650781873419722752
1650781953166045184
1650781954956992513
1650782073400033283
1650782137082150914
1650782318913814528
1650782693183946752
1650782693389393920
1650782696908414976
1650782706739957761
1650783010478866435
1650783047556423680
1650783512692129793
1650783890116681728
1650784835298795521
1650784844954193921
1650785272756355072
1650785403706777600
1650785480366063617
1650785741965004800
1650786337203552258
1650786431365783552
1650786673045782530
1650786676283785216
1650786675486801925
1650786677302996992
1650786678947053569
1650786688929525763
1650786688052936712
1650786700183105537
1650786699994071042
1650786703165083648
1650786733586370561
1650786891728297984
1650787178388107265
1650787340971810816
1650787440372637697
1650787493195788289
1650787658984218626
1650787694530764803
1650787725144883200
1650788090137460739
1650788347948793856
1650788448645595140
1650788507126775808
1650788589842624513
1650788721799593984
1650788985348784128
1650789038213808130
1650789099916107776
1650789223375437827
1650789366653140993
1650789464187232256
1650789698875412488
1650789849450905601
1650790037838077954
1650790072327995393
1650790075922300928
1650790300460228609
1650790405842309122
1650790445897621505
1650790858810327041
1650790944642416644
1650790976057737216
1650791222527553536
1650791507329265665
1650791513650069506
1650791841640460291
1650791899144282114
1650791912582905856
1650792264552050688
1650792275797061632
1650792287595638785
1650792358865141763
1650792695676428294
1650792697979097095
1650792756783075330
1650792840480342017
1650792972546367489
1650792990284152833
1650793017614245888
1650793036111048704
1650793131405721600
1650793136094887937
1650793251748687872
1650793382174703618
1650793399149002753
1650793437132881920
1650793491532750849
1650793601972969473
1650793648001282048
1650793810019106817
1650793883675049987
1650794073400266752
1650794315508072449
1650794335942901762
1650794736033185793
1650794960038313984
1650794966178750466
1650794989817937920
1650795139105783808
1650795224736710656
1650795312049471488
1650795417179701249
1650795433927770113
1650795627217862657
1650795642397024256
1650795754292760576
1650795886706868225
1650796296305868800
1650796508906700801
1650796592331464705
1650796600057372672
1650796677857517569
1650796689442197505
1650796814944305158
1650796963153993728
1650797043919777794
1650797061346926597
1650797097350840321
1650797280960585729
1650797324224872448
1650797985351991296
1650797999197683713
1650798068860702720
1650798291079028736
1650798313690615808
1650798310926450688
1650798316001607680
1650798540917211137
1650798844735631361
1650798890495496192
1650799241055313921
1650799436761628673
1650799703280480256
1650800093438550016
1650800181183488001
1650800252159500291
1650800252159500291
1650800252159500291
1650800252159500291
1650800831518605314
1650801158116581376
1650801158116581376
1650801172662435843
1650801547167645696
1650801570064261122
1650801811035418625
1650801808623783936
1650801807910731779
1650801819612766208
1650801819298275332
1650801819147288577
1650801824218193921
1650801823073050624
1650801822737793024
1650801822569840640
1650801827728986112
1650801886667128833
1650801986982256640
1650802077214339072
1650802095727992838
1650802525606486019
1650802703604367361
1650802800165617666
1650802821460029443
1650803033280749568
1650803099538276355
1650803209106014208
1650803333391609857
1650803378996539393
1650803405357723649
1650803528565239810
1650803604196937729
1650803698170224641
1650803702708555778
1650803702708555778
1650803713634713612
1650803820211961856
1650804143424954370
1650804206503182338
1650804236857253889
1650804342184656896
1650804395427102721
1650804440155209728
1650804498992975873
1650804498992975873
1650804529158561792
1650804564734484483
1650804608019705856
1650804642761064450
1650804681361244160
1650804859480752131
1650804906910003201
1650805305578512384
1650805348284899329
1650805419944574977
1650805768411652103
1650805845976858625
1650805845976858625
1650805909721890819
1650806035140186113
1650806047810961410
1650806077343105027
1650806811212017665
1650806941155827714
1650806993316110337
1650806999578288128
1650807055790538752
1650807135079473153
1650807238175358979
1650807239874158595
1650807383323492352
1650807897813823488
1650808402656780288
1650808514682687489
1650808979562414080
1650808988026429441
1650809008490463237
1650809165143482371
1650809451497025536
1650809498146144258
1650809886769291264
1650810147860512769
1650810264630050819
1650810480414322690
1650810480414322690
1650810594893676544
1650810801819643904
1650810904299339776
1650811196407267329
1650811487642845185
1650811636632936449
1650811688201908224
1650811812281999360
1650811895308328961
1650812086019137536
1650812472851415041
1650812519102005248
1650812520079278081
1650812671376207873
1650813016441597953
1650813297107632128
1650813402657492992
1650813466943315968
1650813623630192642
1650813952983441408
1650814061502668801
1650814140372353024
1650814308144627713
1650814443113070592
1650814464185319424
1650814648713719810
1650814868042268672
1650815271043575808
1650815302270107648
1650815334113239041
1650815336826937351
1650815506226597888
1650815509615484928
1650815513189023747
1650815587285708800
1650815613655453696
1650815637613051905
1650815639446253568
1650815644667981825
1650815644667981825
1650815664121159688
1650815755884036097
1650815865187709024
1650815865187709024
1650815865187709024
1650815865187709024
1650815865187709024
1650815865187709024
1650815865187709024
1650815865187709024
1650815865187709024
1650816083404771328
1650816114421628929
1650816256688177152
1650816254909767681
1650816258529452032
1650816893568024576
1650816892582461440
1650816891278032897
1650816890736967681
1650816898655723524
1650816899263995906
1650816910760505347
1650816918314418177
1650816918289362945
1650816923834236928
1650816926954782720
1650816932738891776
1650817046412685312
1650817201002217474
1650817250604064768
1650817336876605440
1650817381650841600
1650817611414773761
1650817680390393856
1650817746777636866
1650817944794931200
1650818498040348672
1650818706446876673
1650818725036081152
1650819041253105664
1650819216772157440
1650819531806318592
1650819647057416193
1650819647057416193
1650819981880479744
1650820398630555648
1650820503085412357
1650820575605194757
1650820839523119109
1650821052946169861
1650821103986814977
1650821120390737920
1650821568107257857
1650821792812900352
1650821900287844352
1650822064276664323
1650822167137796102
1650822261694144514
1650822311640006656
1650822311640006656
1650822461276176384
1650822470046294017
1650822470046294017
1650822641157120000
1650822641157120000
1650822864990248961
1650822871470469121
1650823263579193345
1650823457989447680
1650823574947545089
1650823646540169219
1650823770158899201
1650823798680158208
1650823905358102528
1650823957073870850
1650824049260388352
1650824116105035777
1650824271390711808
1650824426479403008
1650824607140642817
1650824617429180417
1650824684634611712
1650824715349663744
1650824781258985474
1650824841451171841
1650824920702636032
1650824924624465921
1650825180409724928
1650825229764288513
1650825459993808896
1650825472006307840
1650825560774389761
1650825737987923969
1650825817696657408
1650825984088711170
1650826219917651971
1650826335579717633
1650826339002228736
1650826737134055424
1650826918990675968
1650827149144731648
1650827320238784512
1650827664620498946
1650827683427676161
1650827694186151936
1650828047363260419
1650828200220540928
1650828293149474816
1650828291295641601
1650828720792387587
1650828873783730177
1650829013743443969
1650829562027098117
1650829791308787713
1650829798971699200
1650830076781690882
1650831054909984769
1650831079505539074
1650831119510654976
1650831321399173123
1650831752087126017
1650831984292159489
1650831984061747203
1650831982006267905
1650831992668184576
1650831991850369025
1650831996963176452
1650831996325707779
1650831997302972417
1650832008514269188
1650832015099572225
1650832373628518403
1650832397229871104
1650832421225394185
1650832528083763201
1650832783844016128
1650833023128985605
1650833344840585216
1650833574218670081
1650833585396502530
1650833748403838981
1650833782587510785
1650833790732849153
1650833959440338944
1650834084044652546
1650834648769916928
1650834721453010946
1650835076907712513
1650835137259614208
1650835669692952576
1650835799464873985
1650835916590575616
1650835916590575616
1650835926317256704
1650835998836948992
1650836049700986880
1650836174947352576
1650836281922842625
1650836300730179585
1650836341624537093
1650836368879173632
1650836543999987712
1650836595317112832
1650836956178182148
1650837065779621888
1650837096838594560
1650837306218094594
1650837311540678658
1650837641846456321
1650837640986411010
1650837802496532480
1650837819491794944
1650837838764863490
1650837895979347969
1650838042674962432
1650838127378853888
1650838127378853888
1650838127378853888
1650838127378853888
1650838127378853888
1650838127378853888
1650838127378853888
1650838127378853888
1650838127378853888
1650838127378853888
1650838127378853888
1650838127378853888
1650838127378853888
1650838127378853888
1650838127378853888
1650838127378853888
1650838127378853888
1650838127378853888
1650838377086742528
1650838667890511879
1650838740812681216
1650838852846735360
1650838949214945281
1650838969985138694
1650839360923746304
1650839577308069889
1650839707352453120
1650839827766550533
1650839878219845632
1650839992069939204
1650840225353023490
1650840249466011648
1650840275596767232
1650840378021494786
1650840469117476864
1650840587627814912
1650840832608546817
1650840875226873862
1650841079078432770
1650841386307002376
1650841402413297665
1650841403872931842
1650841402413297665
1650841539252310016
1650841706101719040
1650841823403802626
1650841998235152385
1650842114966552576
1650842132750512128
1650842354369036291
1650842389534130177
1650842450477416454
1650842629788114944
1650843029421391872
1650843044734816258
1650843052716576768
1650843348931051520
1650843348931051520
1650843412470398976
1650843412600324098
1650843615785017347
1650843846274695171
1650843846274695171
1650844101460344832
1650844127691526147
1650844203688099847
1650844237154353154
1650844237154353154
1650844265574957059
1650844535084154880
1650844535084154880
1650844545041440769
1650844607574421504
1650844695671578624
1650844846469332993
1650844895437889539
1650844909694271488
1650844916694630401
1650845076942192642
1650845286674100224
1650845442744131584
1650845500357345280
1650845635770294273
1650845865530241024
1650846071206060033
1650846071206060033
1650846117020712960
1650846217482522624
1650846262470615040
1650846324709834754
1650846600854470657
1650846637428809734
1650846669888471040
1650847023422218241
1650847082733813768
1650847086068355073
1650847094943408128
1650847101117665280
1650847100438204418
1650847098416537600
1650847103646683136
1650847103105507329
1650847108600086534
1650847114438795264
1650847137368866817
1650847221762465795
1650847283192184833
1650847369708150786
1650847386871234560
1650847386871234560
1650847771237253121
1650847915999461377
1650848247508770816
1650848314730872834
1650848377733623810
1650848387678470145
1650848390832619521
1650848447073861632
1650849018338062336
1650849043944206342
1650849099288047616
1650849152996196355
1650849622376476676
1650849619054678016
1650849794875695104
1650849933677809666
1650849974400294920
1650849989248122881
1650849997863153667
1650849997863153667
1650849997863153667
1650849997863153667
1650849997863153667
1650849997863153667
1650849997863153667
1650849997863153667
1650849997863153667
1650849997863153667
1650849997863153667
1650850088489730049
1650850125026041856
1650850286791999494
1650850367834411008
1650850373429522433
1650850399916531713
1650850458662236161
1650850642947178496
1650851062394265600
1650851417639342083
1650851616772460546
1650851670266445825
1650851763636043777
1650852045446955009
1650852114040516609
1650852466714394628
1650852556740984834
1650852731144355840
1650852885670838273
1650852892465831945
1650853043196264449
1650853267872575488
1650853385090875393
1650853487675342848
1650853635364904966
1650853712556900354
1650853720928788481
1650853853166813190
1650853909613748224
1650854039360507904
1650854222387191808
1650854243765571585
1650854278091935746
1650854303202942978
1650854391472111617
1650854560569905154
1650854667071684608
1650854705982062594
1650854757714776064
1650854777943896064
1650854809862324224
1650854905400242176
1650854953349525506
1650855110086385665
1650855198246699014
1650855239648690176
1650855244639748096
1650855358649503746
1650855584567267328
1650855584567267328
1650855609279954945
1650855869486350336
1650855872913084418
1650856102211489795
1650856243127554049
1650856435084070912
1650856495137816576
1650856620153356288
1650856683789500416
1650856686704361472
1650856691813216258
1650856983753523203
1650857013176586240
1650857072194465793
1650857160123854848
1650857341053460482
1650857409097900032
1650857711586910209
1650857713633509376
1650857811796959233
1650858073358061568
1650858601664184320
1650858601664184320
1650858609537060866
1650858837891579904
1650858837891579904
1650858837891579904
1650858837891579904
1650858837891579904
1650858837891579904
1650858837891579904
1650858837891579904
1650858837891579904
1650858837891579904
1650858837891579904
1650858837891579904
1650858837891579904
1650858837891579904
1650858837891579904
1650858837891579904
1650858837891579904
1650858837891579904
1650858837891579904
1650858837891579904
1650858837891579904
1650858837891579904
1650858837891579904
1650858837891579904
1650858837891579904
1650858837891579904
1650858837891579904
1650858837891579904
1650858837891579904
1650858837891579904
1650858837891579904
1650858837891579904
1650858837891579904
1650858837891579904
1650858837891579904
1650858837891579904
1650858837891579904
1650858837891579904
1650858837891579904
1650858837891579904
1650858837891579904
1650858837891579904
1650858837891579904
1650858837891579904
1650858837891579904
1650858837891579904
1650858837891579904
1650858837891579904
1650858837891579904
1650858837891579904
1650858837891579904
1650858852236275714
1650858939620409352
1650858939620409352
1650858979785068549
1650859101851893760
1650859140456017921
1650859296224317440
1650859483139289090
1650859621840752646
1650859819014979586
1650859848698073089
1650859974392958979
1650859997369073664
1650860332112568322
1650860396998447104
1650860413519798272
1650860457530359808
1650860519149178885
1650860570873085953
1650860751681359878
1650860863858049024
1650860909743722500
1650860956690567170
1650861083249491973
1650861239093043203
1650861256377769990
1650861282374090755
1650861450465001476
1650861518911848449
1650861662168289281
1650861848697409547
1650861850496737280
1650861859766177805
1650862113873883137
1650862188503121924
1650862186477268993
1650862190323445763
1650862196359036931
1650862200737910786
1650862201849380864
1650862205217423365
1650862208472195073
1650862212813320194
1650862217989062657
1650862231259877379
1650862232064884736
1650862271130918915
1650862300289720326
1650862721221685248
1650862792906510337
1650862978432942080
1650863211380633601
1650863266481192963
1650863656153026560
1650863735320485894
1650863767612448774
1650863773572562950
1650863847006420993
1650864186950574081
1650864254432714757
1650864328147619840
1650864328722235393
1650864572302266368
1650864834114887681
1650864858886438915
1650864932710400008
1650864947780534276
1650864973017677826
1650865012968415241
1650865067465007105
1650865094153363458
1650865211472236548
1650865369635061764
1650865571892961281
1650865570894475264
1650865582399709187
1650865670501060610
1650865746833186817
1650865992266915840
1650866218637639687
1650866217811361794
1650866658724962307
1650866661715587073
1650866664618049542
1650866668636196864
1650866714094063617
1650866729101283328
1650866807832453120
1650866815713570816
1650866977559441409
1650867004763521026
1650867223857070083
1650867350202138625
1650867365242871813
1650867408708714496
1650867617823956995
1650867722849333248
1650867774409916417
1650868028655927296
1650868036180627464
1650868047949824001
1650868123221004289
1650868141566709762
1650868159354744839
1650868795647328258
1650868828983681024
1650869328148054017
1650869617760382976
1650869637624504321
1650869775806140416
1650869775592226817
1650869778091843586
1650869820886228992
1650869876175536130
1650869937953439745
1650869951199100934
1650870008371609600
1650870193856339970
1650870287506784259
1650870326379552770
1650870356687613953
1650870376589606914
1650870439235710978
1650870439235710978
1650870450950479872
1650870506957025285
1650870575638741001
1650870624783417344
1650870658031558658
1650870755146493952
1650870857261019137
1650870871328710659
1650871072667979776
1650871105849114626
1650871147314167808
1650871329141448705
1650871363115032577
1650871405846642694
1650871449601691648
1650871891329007617
1650872101681627136
1650872279390191618
1650872372457615368
1650872390744678402
1650872580843159553
1650872594453655552
1650872793230180352
1650873007576092673
1650873069727088640
1650873103751462913
1650873125221937159
1650873274568515585
1650873274568515585
1650873274568515585
1650873274568515585
1650873274568515585
1650873372375482368
1650873448724582401
1650873501908074498
1650873891932258309
1650873913239281665
1650873982487232515
1650874035918569473
1650874132853137409
1650874158413238274
1650874244941660160
1650874249521901568
1650874249521901568
1650874365297213442
1650874424453742594
1650874515063451649
1650874519769300996
1650874729060880384
1650874810426093570
1650874841942114306
1650875027682738178
1650875256570093568
1650875282365075457
1650875291294654469
1650875322521321473
1650875447444643852
1650875568370458624
1650875787376041984
1650875901448519683
1650875901448519683
1650876108210831370
1650876141505241089
1650876155694596096
1650876202834427905
1650876316227362818
1650876766653693953
1650876884085817344
1650876913953415168
1650876961428840449
1650877263225683968
1650877295031209991
1650877294922145793
1650877304556462082
1650877303868600320
1650877302580936707
1650877308826157057
1650877306947223555
1650877313200865280
1650877311942549505
1650877331496656896
1650877337653727232
1650877592977788929
1650877623348625411
1650877675509100547
1650877868652523520
1650878022076047363
1650878446766022657
1650878655847964672
1650878954507583491
1650878954507583491
1650878954507583491
1650878954507583491
1650878987923496963
1650879034396676097
1650879200381763591
1650879206182604801
1650879225572872199
1650879225572872199
1650879225572872199
1650879225572872199
1650879584756277248
1650879644164317184
1650879788381270016
1650879842202578944
1650879839430213634
1650879846774456320
1650879910703951880
1650880140551892994
1650880230469382149
1650880262782189574
1650880388435431425
1650880420987256840
1650880597592514560
1650880737808195586
1650880773816303616
1650880785249910786
1650880783572254723
1650880950794846209
1650881017626984449
1650881017626984449
1650881082303160323
1650881196832743428
1650881343763431424
1650881400617287680
1650881400617287680
1650881400617287680
1650881459559735297
1650881529453658112
1650881653093400577
1650881719447486464
1650881735788298242
1650881753521827840
1650881791820005378
1650882003384819714
1650882165113061383
1650882337419190272
1650882355018575873
1650882446991278082
1650882744337985540
1650882773173821442
1650882899065950209
1650883001222418435
1650883055656267776
1650883142406791168
1650883235952336897
1650883244068335618
1650883270576418816
1650883297067638784
1650883405935169536
1650883558976761856
1650883563464564739
1650883804909715457
1650883848039702528
1650883975005753344
1650884059097350146
1650884063115243530
1650884147077054464
1650884205394493441
1650884296582807552
1650884468356313088
1650884473897222146
1650884514824986625
1650884958284570625
1650885019404218369
1650885034046365700
1650885124366450690
1650885215798153218
1650885215798153218
1650885318524977155
1650885342352797700
1650885363622383617
1650885366038003718
1650885659698102272
1650885663711961090
1650885710281310209
1650885715872346122
1650885744607522823
1650885895275331585
1650886084744683522
1650886125106413568
1650886162100125700
1650886177807818753
1650886184199962627
1650886249173905411
1650886249173905411
1650886249173905411
1650886249173905411
1650886249173905411
1650886744869306370
1650886744739307520
1650886763525685249
1650886844869931008
1650886877078224896
1650887166262755329
1650887310433746944
1650887463588577281
1650887499609194497
1650887555691184130
1650887619423752193
1650887623987322881
1650887623987322881
1650887623987322881
1650887646946775040
1650887648989392896
1650887809434103809
1650887816753164290
1650887816753164290
1650887994226913283
1650888011964645376
1650888054733717505
1650888111914713090
1650888205200228357
1650888463942664192
1650888498117836800
1650888702388781056
1650888713910513666
1650888760597389313
1650888907968356357
1650888935957053453
1650889097165131780
1650889095822954496
1650889327163895809
1650889451982188544
1650889524677935105
1650889567463931907
1650889896666513408
1650889982465245184
1650890111511298056
1650890124811460608
1650890364507619330
1650890448561487875
1650890495579570176
1650890580728197121
1650890743337177088
1650890840263254021
1650890870013534208
1650890870013534208
1650891197404131328
1650891435711901697
1650891548580536323
1650891604960460800
1650891645565513728
1650891691761496065
1650891785042812934
1650891799521640449
1650891814281310208
1650891869184827395
1650891887958540297
1650891887958540297
1650891963304902662
1650892308735205376
1650892317220392960
1650892358295207940
1650892394840113157
1650892393959542786
1650892400112422914
1650892403539148800
1650892402654162944
1650892408605798407
1650892410786807812
1650892415891283968
1650892414171635713
1650892420043735042
1650892425018089477
1650892426708385794
1650892491594317826
1650892530815229959
1650892550440464385
1650892590554677249
1650892620552450054
1650892659903414275
1650892736269279233
1650892956067405825
1650893123613065217
1650893183809728515
1650893301237571586
1650893486856470530
1650893508625018882
1650893915338293248
1650893955481862147
1650894012256256000
1650894034271981571
1650894228699123713
1650894624947421184
1650894639073722369
1650894833014145025
1650894939285340171
1650894950748377088
1650895076233560066
1650895206533718019
1650895276142411777
1650895315942219778
1650895553797160960
1650895720927440900
1650895790431141888
1650895853106626560
1650895870303387663
1650895887021793280
1650896041523200001
1650896085592809472
1650896228258033664
1650896248344391680
1650896302002012166
1650896332616536064
1650896332616536064
1650896335170674690
1650896335170674690
1650896335170674690
1650896335170674690
1650896335170674690
1650896429747953665
1650896567409455105
1650896584652234753
1650896684749053952
1650896862151421953
1650897170818641920
1650897282957492224
1650897344186183684
1650897455498641418
1650897474482061316
1650897532862570496
1650897651364241408
1650898180333027328
1650898185743654912
1650898189136936978
1650898200289591302
1650898198284627969
1650898198284627969
1650898228001292288
1650898301317963777
1650898409811787776
1650898450454659078
1650898537016864769
1650898669674147840
1650898934406201344
1650899026240233474
1650899028278755328
1650899078975303681
1650899109790859264
1650899204863148034
1650899351110139906
1650899427878486024
1650899537618255872
1650899562612113419
1650899573047541798
1650899656187027456
1650899660893196288
1650899683928162311
1650899706120224775
1650899752270143489
1650899763666071552
1650899875683352577
1650900030604169218
1650900034181890048
1650900230412419074
1650900230412419074
1650900230412419074
1650900230412419074
1650900259457974273
1650900354442166272
1650900471123525639
1650900483748274178
1650900552463577088
1650900569727422464
1650900651642159104
1650900743015088147
1650900835348496384
1650900877979402275
1650900878642102279
1650900881271926786
1650900974905458688
1650901146154811395
1650901180904534016
1650901325784268801
1650901533716889607
1650901545607913472
1650901564331118592
1650901683965239299
1650901683965239299
1650901756547678219
1650901830245703681
1650901912827449345
1650901928862425088
1650902033531125764
1650902107950661632
1650902386708299778
1650902481252106252
1650902545907302402
1650902662483972096
1650902706578505743
1650902761502900225
1650902806423912459
1650902808151900160
1650902849428111367
1650902971285159936
1650903016092975106
1650903093456912397
1650903099723202560
1650903227381219330
1650903251724943362
1650903257706041350
1650903263385128961
1650903260331667457
1650903266270793733
1650903336156053510
1650903441877680128
1650903467660136448
1650903521410023425
1650903580063449088
1650903684107190283
1650903701698101277
1650903799240835074
1650903912902270976
1650903995160879111
1650904052862009359
1650904138790715392
1650904217412943872
1650904272328900609
1650904283661975575
1650904328008351760
1650904348241674245
1650904455108337665
1650904548473552900
1650904550444871680
1650904741336039425
1650904749837893635
1650904758549463044
1650904757349801984
1650904758549463044
1650904851579125779
1650904941240766464
1650904971309727772
1650905005375864836
1650905094433415168
1650905307197865984
1650905456494231553
1650905561104551937
1650905583946547207
1650905594826571777
1650905672190509067
1650905827539324929
1650905932874891292
1650906197384478727
1650906225863688193
1650906314028072970
1650906332302655508
1650906337029640192
1650906391085809666
1650906443153915924
1650906468609146890
1650906512020193281
1650906572523020289
1650906749715529728
1650906893047545877
1650906975604215810
1650907015743520781
1650907174061633536
1650907288155176988
1650907290722091008
1650907326260428833
1650907344971128832
1650907478178119701
1650907498604380168
1650907503545430017
1650907501406175232
1650907503805480960
1650907504765980673
1650907506154127362
1650907511430561803
1650907511074045967
1650907518997086223
1650907517306765312
1650907526475530252
1650907526085455872
1650907576408715265
1650907597325881344
1650907722194337794
1650907773679575041
1650908052072067072
1650908172943515649
1650908235887529985
1650908237644939274
1650908249724534812
1650908295132069910
1650908303055110162
1650908368800825346
1650908381438263307
1650908570672676877
1650908624573669376
1650908735533989912
1650908746716151808
1650908780245164032
1650908807097204747
1650908807558578201
1650908807097204747
1650908992628047872
1650909056343719946
1650909125834948614
1650909137533046785
1650909235411140645
1650909449828155400
1650909557970059265
1650909562348748839
1650909622717538304
1650909659841150979
1650909691684241408
1650909713846919168
1650909871531868169
1650909897557524486
1650909985960755201
1650909992654979084
1650910133772337358
1650910146367832081
1650910142592958509
1650910228341309459
1650910231428317188
1650910405454340097
1650910433237254154
1650910487092117509
1650910526451466260
1650910580826423300
1650910636669386928
1650910770039865344
1650910874670972928
1650910941687730176
1650911157400793088
1650911185737334795
1650911224979243020
1650911331048996875
1650911329585176576
1650911409901912075
1650911458354671617
1650911475618267164
1650911512519753748
1650911524045701123
1650911729835032608
1650911808142680065
1650911828518621184
1650911837414735873
1650911886035107850
1650912000489275405
1650912000489275405
1650912034182295552
1650912406485319702
1650912431068135439
1650912554896752640
1650912703559483394
1650912703559483394
1650912709192433670
1650912746165207040
1650912877753122820
1650912882622709762
1650912915690602500
1650913064827355136
1650913064827355136
1650913077863542784
1650913205483454491
1650913241218924563
1650913273632505873
1650913319212007457
1650913319212007457
1650913319212007457
1650913319212007457
1650913319212007457
1650913319212007457
1650913319212007457
1650913319212007457
1650913339701182484
1650913494139650094
1650913554449702913
1650913586535972887
1650913615233400836
1650913629758169088
1650913766773604385
1650913789456400393
1650913866145054749
1650913874525274133
1650913935950856202
1650914054356058125
1650914113516716062
1650914197406990341
1650914275857416193
1650914481256513551
1650914496213401616
1650914499614982146
1650914606469054464
1650914634826760211
1650914656616062976
1650914730767269893
1650914730662297601
1650914809553076257
1650914807736942597
1650914811738308609
1650914826015719430
1650915042999631872
1650915042999631872
1650915050293702656
1650915050293702656
1650915050293702656
1650915095558471692
1650915230053023766
1650915324055674880
1650915589622317079
1650915860612272128
1650915922507448336
1650915991294033923
1650916218608533513
1650916231795425292
1650916234953736205
1650916271888687104
1650916319368462338
1650916366394834944
1650916401639755782
1650916486528090136
1650916486528090136
1650916486528090136
1650916486528090136
1650916486528090136
1650916486528090136
1650916486528090136
1650916514625732615
1650916554228514816
1650916558728843264
1650916571471134722
1650916682838294589
1650916686797864960
1650916748009390080
1650916894663229458
1650917043523166209
1650917119884926976
1650917192039276546
1650917210951393298
1650917414769422341
1650917414769422341
1650917485527310370
1650917519341789195
1650917542561456128
1650917741338198016
1650917757267877905
1650917904936738837
1650918043512348672
1650918070796550145
1650918166921355279
1650918219295629316
1650918358076760069
1650918543536300049
1650918748188975109
1650918770678853632
1650918965311315973
1650918987134386177
1650919077227929621
1650919200263643157
1650919231095971847
1650919447182319633
1650919460574732297
1650919523090935809
1650919523090935809
1650919637574381569
1650920025887326208
1650920041162973184
1650920326170124291
1650920349956026369
1650920483653664769
1650920784485818382
1650920789091266560
1650920941923213328
1650920946008719360
1650920966434725890
1650921003592065024
1650921003592065024
1650921003592065024
1650921003592065024
1650921003592065024
1650921003592065024
1650921003592065024
1650921003592065024
1650921003592065024
1650921003592065024
1650921003592065024
1650921003592065024
1650921003592065024
1650921003592065024
1650921003592065024
1650921003592065024
1650921003592065024
1650921233763143680
1650921233486061573
1650921314410962957
1650921654778753025
1650921899839332361
1650922034199707649
1650922052617146373
1650922167251488768
1650922318422593536
1650922590670581762
1650922594890031113
1650922593212399617
1650922598849556481
1650922602573987840
1650922601126961171
1650922606269276161
1650922605401059329
1650922604834828288
1650922610887122949
1650922622534709248
1650922908867239940
1650922998059397120
1650923012957282312
1650923029516394497
1650923272630837253
1650923274505953281
1650923441317634049
1650923441317634049
1650923530068828165
1650923605369278464
1650923614642794498
1650923615544549381
1650923806289014784
1650923865768337418
1650923869014818819
1650923870881468417
1650923874026938371
1650923902254870528
1650923952955445248
1650923970927927296
1650923999252062210
1650924181968793601
1650924186708107268
1650924253946978316
1650924340102176769
1650924370313768960
1650924435078103040
1650924513175937030
1650924652280029196
1650924683238477824
1650924732848517120
1650924750787452929
1650924791329595397
1650924955587039245
1650925398086000652
1650925629611581441
1650925790442209286
1650925809400463360
1650925838689247235
1650925868200370182
1650925974265929737
1650926030306131968
1650926031447162881
1650926292248969216
1650926325941542913
1650926458024370195
1650926499657031693
1650926512718094350
1650926743786749954
1650926916382105603
1650926966181077013
1650926966181077013
1650927010649370629
1650927184221970437
1650927280275992576
1650927532231761929
1650927643146211329
1650927898251894810
1650927917608607744
1650927980799991820
1650927996138561541
1650927999552725006
1650928034675847168
1650928119488839683
1650928237831176192
1650928298652778496
1650928336246566912
1650928345704542209
1650928397160161293
1650928396027715587
1650928436775362564
1650928696377614341
1650928727679705100
1650928750253449216
1650928978939584512
1650928979581214734
1650929145587572758
1650929244132745219
1650929265871843329
1650929356112273417
1650929401448505345
1650929420641730562
1650929500283375617
1650929542058344448
1650929542058344448
1650929550535041046
1650929561021079559
1650929694340947975
1650929799617978402
1650929810296786944
1650929871994888211
1650929896783224844
1650930146814074884
1650930145610309649
1650930171048763398
1650930187813683200
1650930237017059328
1650930520228765717
1650930555586789378
1650930599832461327
1650930869169692677
1650930875989913600
1650930887448731649
1650930990922240000
1650931157456789526
1650931187920019461
1650931203136954375
1650931341595123726
1650931638790922266
1650931665353469953
1650931739970117643
1650931800766554138
1650931822128144388
1650932048138215425
1650932109853204481
1650932321220960267
1650932321220960267
1650932387142836234
1650932440863481862
1650932499478990848
1650932551878426624
1650932687614676992
1650932817436581888
1650932869584265238
1650932925343342600
1650932927604162560
1650933097528016897
1650933408774627328
1650933413241561104
1650933433890119681
1650933454463201280
1650933494124519442
1650933639683645452
1650933792519888922
1650933885289615360
1650934090219020288
1650934239884353554
1650934244917518357
1650934273161961472
1650934273161961472
1650934286000726038
1650934453689253890
1650934496252796943
1650934531254366210
1650934534785859584
1650934600808407049
1650934846607204395
1650934865343160332
1650934931260842002
1650934952525983744
1650934967377993746
1650935085711892485
1650935085711892485
1650935204280672287
1650935208181374990
1650935215726927873
1650935379896180765
1650935477086883840
1650935525954531328
1650935531541241860
1650935615418933286
1650935711632072726
1650935716661043210
1650935823615795209
1650936192173482005
1650936248444264474
1650936282040631297
1650936315859312640
1650936329574686736
1650936329574686736
1650936329574686736
1650936329574686736
1650936329574686736
1650936334842732562
1650936359404568577
1650936360461631488
1650936496998719508
1650936516737155072
1650936552564858889
1650936559087292416
1650936604867829765
1650936880634929177
1650937044980342789
1650937067604418584
1650937067604418584
1650937357367910419
1650937409175953410
1650937527711178770
1650937630542929936
1650937635597066275
1650937698159304743
1650937700046741523
1650937705818378240
1650937708846391311
1650937707479068672
1650937714055716881
1650937713816641551
1650937714034835456
1650937718430375976
1650937715666329645
1650937784285143070
1650937874575925259
1650938053001617410
1650938091002265600
1650938122195161088
1650938122195161088
1650938170962223105
1650938312054415360
1650938380304130067
1650938392866357248
1650938427603296260
1650938487279853586
1650938507072774151
1650938757363933184
1650938777588604949
1650938828906205184
1650938896048332800
1650938912620027908
1650939004664029188
1650939032627453981
1650939157651267614
1650939185115570190
1650939185115570190
1650939203788611622
1650939399717134357
1650939412266491905
1650939436924805138
1650939482391060502
1650939600230031371
1650939749048131598
1650939883785953280
1650939969400086543
1650940176766476326
1650940394555711492
1650940452105756696
1650940488575229969
1650940593378304013
1650940655667912711
1650940713922600961
1650940773049704475
1650940875919204388
1650941249384247324
1650941345840656406
1650941591299715093
1650941620278161427
1650941674581815317
1650941705732911107
1650941730206674955
1650941730206674955
1650941763639709696
1650941785416298528
1650941829280329739
1650941869319155739
1650941875946405888
1650941993390862342
1650942054329905181
1650942268428152842
1650942330407383062
1650942454575558657
1650942561157095424
1650942636167950349
1650943151945728001
1650943340232286209
1650943379432173587
1650943456892579849
1650943852595802113
1650944002760253441
1650944047257640965
1650944115134304257
1650944234462261248
1650944414590595085
1650944690345111569
1650945187550490635
1650945385706168320
1650945547325304837
1650945602195169280
1650945602195169280
1650945602195169280
1650945619106623501
1650945634999091200
1650945681777909760
1650945851533979651
1650945895943270415
1650945947830984705
1650945995910283267
1650946120632213504
1650946219898818561
1650946226802532352
1650946226802532352
1650946282284785667
1650946415122677760
1650946464225558529
1650946603144949760
1650946662938947584
1650947153915781120
1650947269485555718
1650947393502826497
1650947640773713920
1650947640773713920
1650947640773713920
1650947760571445257
1650947908366131201
1650948144610308111
1650948314525757447
1650948473666039809
1650948474374946820
1650948519774023690
1650948673382088704
1650948880844963841
1650948963921457170
1650949067843727365
1650949154410053633
1650949290427052035
1650949340507041798
1650949371603611664
1650949521281613825
1650949530798419989
1650949593058648065
1650949711472513024
1650949890086785025
1650949939227181056
1650950188331069449
1650950263811764235
1650950421681258501
1650950464593117184
1650950569589108739
1650950569589108739
1650950569589108739
1650950569589108739
1650950569589108739
1650950569589108739
1650950569589108739
1650950569589108739
1650950569589108739
1650950569589108739
1650950569589108739
1650950569589108739
1650950721095757826
1650950787118297088
1650950821272514569
1650950950830460928
1650951008137146370
1650951148608581632
1650951318536585216
1650951331195023364
1650951339609067520
1650951551102459909
1650951736285097988
1650951736285097988
1650951900521459719
1650952254386499606
1650952315614949377
1650952398846717967
1650952557358120960
1650952780675182596
1650952777412014089
1650952786131972108
1650952790540185602
1650952790234001413
1650952792389873679
1650952795636264971
1650952801134997529
1650952812971323402
1650952814963617801
1650952817874534401
1650952856449720320
1650952890062630939
1650953032253730835
1650953056941404196
1650953163900350467
1650953184225943554
1650953341516611584
1650953593007079425
1650953629212319744
1650953694005870592
1650953710468493335
1650953709411500033
1650953797575880704
1650953896267771905
1650954036009398277
1650954078778978305
1650954191865540636
1650954338594877469
1650954383335768064
1650954479343116288
1650954567515795460
1650954570015670272
1650954573379432459
1650954899931164872
1650954948241158172
1650954991765696513
1650955052171886592
1650955071184666624
1650955337384468482
1650955423451607058
1650955572756246541
1650955588380028933
1650955649306488845
1650955661033762816
1650955686623211528
1650955767850102800
1650955914503942158
1650956040563748874
1650956279672893441
1650956301499785216
1650956358760517632
1650956363948781608
1650956369158107136
1650956394642698250
1650956446928891933
1650956448200019968
1650956459356692480
1650956515317018629
1650956528713625603
1650956690844446720
1650956777230331930
1650956842544033812
1650957035943391253
1650957179929649153
1650957241799831568
1650957433806680068
1650957515067125780
1650957570989801472
1650957656692072449
1650957948921991168
1650958323083014146
1650958375021080587
1650958408533651461
1650958606156832768
1650958620014571521
1650958706945716225
1650958706945716225
1650958762893537294
1650959000119259137
1650959042624253971
1650959061276405761
1650959067114795011
1650959160417353729
1650959251173703681
1650959310753525780
1650959403883941888
1650959577557397528
1650959653453328399
1650959730842431528
1650959732587261980
1650959736651542548
1650959922480181275
1650960031355924480
1650960069331152939
1650960084518727685
1650960141770977293
1650960149262004241
1650960220611399680
1650960270737436694
1650960373032566785
1650960610081816576
1650960628515762203
1650960686892085257
1650960795017134080
1650960946506919942
1650961145056882701
1650961348233162756
1650961352360357890
1650961392319492102
1650961424393416705
1650961447441035281
1650961485969911832
1650961502965231620
1650961502965231620
1650961575644131352
1650961683056062484
1650961723715727361
1650961741000372260
1650961962698698757
1650962063110336528
1650962066411253792
1650962125043429410
1650962154562940933
1650962249240965127
1650962289653084181
1650962458922610695
1650962499624136704
1650962657963307035
1650962761168441344
1650962817770483742
1650962885818871836
1650962910389370880
1650963003586539554
1650963171203756032
1650963188484042787
1650963453195206656
1650963537097814020
1650963578227421184
1650963814018588672
1650964023708381189
1650964111176396817
1650964150296670221
1650964253501714441
1650964453993639949
1650964517965135872
1650964604225478656
1650964611280039941
1650964830273298433
1650964899080577030
1650965143528808455
1650965169453842434
1650965211942092802
1650965255109898246
1650965289884872705
1650965291705450497
1650965293596811265
1650965295702462467
1650965458001047557
1650965562074300417
1650965594794246146
1650965668496277505
1650966041609003009
1650966101038120960
1650966148526092291
1650966166918053898
1650966244240048128
1650966317439016964
1650966326435885056
1650966474012409859
1650966495688622080
1650966551900704782
1650966614509256704
1650966769949974530
1650966842578464770
1650967103476834306
1650967233923801088
1650967239888175104
1650967302844678151
1650967388287029248
1650967396847603716
1650967562686005249
1650967599122108417
1650967642541285381
1650967884041003008
1650967889141268480
1650967890521378824
1650967890542092290
1650967907986288642
1650967914478989313
1650967913484939270
1650967913124311040
1650967912880955392
1650967912251813890
1650967917834412034
1650967952714346499
1650967989901045762
1650968518689423364
1650968578819080193
1650968599392317440
1650968658733088773
1650968657596432384
1650968747841310720
1650968763552890883
1650968763552890883
1650968763552890883
1650968763552890883
1650968763552890883
1650968763552890883
1650968763552890883
1650968986215931904
1650969040389652480
1650969310653980672
1650969368908406786
1650969492112166918
1650969503608578050
1650969599465103367
1650969689273630721
1650969863232319489
1650970034687074305
1650970190694211584
1650970206418915328
1650970297309249536
1650970309208449025
1650970315932020738
1650970527018655744
1650970534589648900
1650970780853850112
1650971096642985984
1650971108017942536
1650971375681634304
1650971383013203969
1650971379196477442
1650971386809122817
1650971510536904704
1650971517868552192
1650971642355499010
1650971668763004929
1650971675658158081
1650971875122487296
1650971915945639947
1650971934325104641
1650972049525940226
1650972087706632194
1650972284620865539
1650972601282437120
1650972616411303938
1650972705724743680
1650972828903014405
1650972828831817728
1650972849484562433
1650972893642215428
1650972894233493505
1650972972444971008
1650972989914062850
1650973070234984448
1650973140200181761
1650973542098296833
1650973677612150786
1650973748718346240
1650973767386923013
1650973778728329216
1650973827524861952
1650974019682795521
1650974288940285954
1650974310377324546
1650974520784613377
1650974551579275264
1650974640259448832
1650974663860781057
1650974687222964228
1650974692944093184
1650974704730243072
1650974704730243072
1650974704730243072
1650974784090517504
1650975130045104130
1650975227281809408
1650975251050659841
1650975390570012672
1650975469926219778
1650975469502595076
1650975591066157057
1650975601547673609
1650975786113937409
1650975839213715461
1650975865621159938
1650975905865506816
1650976180802142210
1650976216831213572
1650976300826259456
1650976306186833921
1650976579692969984
1650976624127492097
1650976660546547712
1650976664082325504
1650976673494433805
1650976707799658498
1650976742704828419
1650976874951221249
1650976923256778757
1650976930642948099
1650976973638848512
1650977026726133763
1650977061824270336
1650977142811787264
1650977275804807170
1650977308633620480
1650977439969955841
1650977980137472003
1650978012840579072
1650978035217182721
1650978073016246275
1650978098530197504
1650978212388773889
1650978238640926720
1650978548704788480
1650978552509091841
1650978553964511235
1650978643567423494
1650978683153178624
1650978781337882624
1650978832000724993
1650978940717080583
1650979425817886720
1650979458977878016
1650979633158864897
1650979751857643522
1650979892882710528
1650979966635372556
1650979970498412545
1650979984759205893
1650980029025914880
1650980039448567814
1650980102702874626
1650980146801696771
1650980236882747394
1650980236903759873
1650980238266957824
1650980241223958531
1650980280688164865
1650980326515064832
1650980358622523395
1650980593436356611
1650980660511686657
1650980684641476608
1650980979492757504
1650981090113249281
1650981160967610370
1650981536420986880
1650981576346312704
1650981668260380672
1650981718877253632
1650981743925825536
1650981796966813704
1650981806701723653
1650981846413451265
1650981870111191043
1650981874041339905
1650981939715743744
1650981982044852225
1650982079784468484
1650982268016513025
1650982275046076418
1650982277805998081
1650982368172187649
1650982462829338627
1650982761707212801
1650982795651497985
1650982840258146304
1650982856729014272
1650982901616369665
1650982996286087169
1650983004498477057
1650983002309029888
1650983005731602434
1650983013931532290
1650983013746876416
1650983017463283712
1650983015319846913
1650983014359334912
1650983041165316096
1650983075252240385
1650983241749344257
1650983251534643202
1650983285730713600
1650983347026272260
1650983361500913664
1650983364264964096
1650983454924832774
1650983464697511937
1650983592653123588
1650983596839018497
1650983836304433156
1650983883297390592
1650983949022240768
1650984369572532225
1650984401306816512
1650984464288448512
1650984472513245187
1650984490884374530
1650984490884374530
1650984496240508931
1650984496240508931
1650984500329959425
1650984624225411072
1650984689228734464
1650984746531397634
1650984836725723137
1650984995735982084
1650985021895847937
1650985123742126080
1650985420296179713
1650985535735832577
1650985539506503680
1650985760626036740
1650985777982054402
1650985791651291139
1650985855371321345
1650985954285428736
1650985950128791559
1650986224180494337
1650986267373633536
1650986379046793218
1650986382704123909
1650986511922344001
1650986585851146240
1650986672056684547
1650987147984338950
1650987325768314880
1650987365249212416
1650987432408391681
1650987470605910016
1650987575862067202
1650987696641425408
1650987851494957061
1650988224196620296
1650988331511980034
1650988445236355078
1650988456728834049
1650988528107438081
1650988528107438081
1650988786136825857
1650988942685097984
1650988942685097984
1650988942685097984
1650989033961533443
1650989081369747456
1650989153629224961
1650989209614729218
1650989239105122304
1650989245056659457
1650989276056924160
1650989786520272902
1650989819013767168
1650989924038877184
1650989945203625985
1650990294882451458
1650990355485958145
1650990665910697985
1650991351549378561
1650991671214063618
1650991724020236295
1650991928886939649
1650991928886939649
1650992128636354560
1650992526789074950
1650992599509991426
1650992625250447360
1650992675057811457
1650992714542993408
1650992712814829573
1650992841210970112
1650992861666586626
1650992870159949830
1650993050083008513
1650993173634637824
1650993256442867713
1650993259043254272
1650993424080814081
1650993645296791554
1650993873236140036
1650993911236550657
1650993911161077760
1650994409511460866
1650994434392113155
1650994464674967555
1650994635156627456
1650994679599583236
1650994910248435712
1650994970025705473
1650994975335751680
1650995001441259521
1650995001441259521
1650995069195878401
1650995329850912768
1650995338054885379
1650995429213872129
1650995563750383616
1650995613914243072
1650995627650609155
1650995725155594241
1650995830453596160
1650996070812471296
1650996150046949376
1650996361817382918
1650996470097629184
1650996490284724225
1650996593040998400
1650996658619154433
1650996667074715650
1650996727556579333
1650996726692495362
1650997023217184771
1650997312745766913
1650997676811378688
1650997763075723267
1650997779639017478
1650997798706225152
1650998050960048128
1650998057838813190
1650998056387526658
1650998060749672453
1650998071885529088
1650998076247621634
1650998093234487296
1650998108799619073
1650998105259606019
1650998114239520771
1650998160045604875
1650998336915378176
1650998422457991172
1650998453684584450
1650998605011124224
1650998616197087233
1650998622442467329
1650999250896003072
1650999270219321344
1650999336040382467
1650999840342417409
1650999867559518208
1650999940972158976
1651000106026663937
1651000141967507456
1651000191502389249
1651000340639100930
1651000614707425280
1651000653710258176
1651000699839455233
1651000712992620544
1651000837743714309
1651000878646583297
1651000931637403649
1651001110398910466
1651001275318956032
1651001420420898816
1651001440150896642
1651001521461686272
1651001667138232320
1651001682996736000
1651001749765775360
1651002081287843841
1651002130713440258
1651002523443167232
1651002650572337161
1651002783779155980
1651002967615746049
1651003030442000384
1651003036364337152
1651003073970466816
1651003131117940737
1651003208955822082
1651003239251181570
1651003348097572865
1651003656181886977
1651003885593456641
1651003979080380418
1651004089486962688
1651004518367215617
1651004539598696451
1651004776879128576
1651004785598906373
1651004901206507526
1651004925281722368
1651004962699083777
1651005601630265346
1651005669422530560
1651005781603651584
1651005968610906113
1651006276275433474
1651006299709079556
1651006566391226370
1651007012463955978
1651007062766239746
1651007131028717569
1651007140138549250
1651007612891316224
1651007798488989696
1651007947395219461
1651008157605396482
1651008160491089920
1651008164702068736
1651008205479108610
1651008205617782785
1651008292012056576
1651008706807762944
1651008982113198080
1651009023586492418
1651009374662402049
1651009546461274112
1651009701012750336
1651009725343977473
1651009767031046144
1651009829995945984
1651009908798803968
1651009968613490689
1651010060200591360
1651010317303029760
1651010595511218176
1651010657515622400
1651010734963163136
1651010948377845762
1651011479561289730
1651011578228031489
1651011585819672577
1651012024527192066
1651012281080360960
1651012359941500930
1651012448692912129
1651012779107577858
1651012805108154370
1651012944782606336
1651013111032233984
1651013147216556032
1651013150081269760
1651013159765913601
1651013174219382784
1651013174152380416
1651013177377783810
1651013193328623617
1651013203181150214
1651013211486060544
1651013208931459075
