1642315909816782851
1642316989094920194
1642318663545163776
1642318912862801921
1642320652039323648
1642323467331682304
1642327630258274306
1642328398562308096
1642329031394701314
1642329031394701314
1642330952834732032
1642330952473931777
1642330955103830016
1642330955040935936
1642330965820293121
1642330967862833152
1642330984216494085
1642330998200233986
1642331000943386626
1642331005469048832
1642332888304607232
1642341094506504192
1642343661126967297
1642343661126967297
1642343787702767617
1642343879910334465
1642344460347494400
1642346036931989504
1642346047983714305
1642346069278306304
1642346075683172353
1642346081462767616
1642346080334389248
1642346084671315970
1642346092971937798
1642346095975038977
1642346101024882689
1642347890717917186
1642349711242715139
1642349711242715139
1642349711242715139
1642355011261800448
1642356586101235715
1642361156097417217
1642361159603896321
1642361161235705857
1642361169095557122
1642361186724315136
1642361186175025153
1642361191535132673
1642361194517348352
1642361201165205505
1642361200976486400
1642366934120558593
1642370116263223297
1642371202147647489
1642372791847534595
1642376255457886208
1642376267977703424
1642376274290044928
1642376273476345861
1642376283727478787
1642376296184565763
1642376296033583104
1642376299405774852
1642377146428424192
1642378086569377794
1642378086569377794
1642384501044133889
1642388059277914112
1642391026714431489
1642391336601919488
1642391365827821569
1642391375441215489
1642391374854062081
1642391377815171073
1642391382701621250
1642391390125473792
1642391400682602496
1642391402184159233
1642391401974448128
1642392167695147008
1642397293621186560
1642400960482885632
1642401131753279489
1642402352941395968
1642402556050800640
1642405290803879937
1642406447173476354
1642406453053980672
1642406457651134464
1642406466832281602
1642406463824855040
1642406467079749632
1642406470909145089
1642406476726632449
1642406498679803904
1642406505088425984
1642410201369149442
1642410825809002499
1642411230429323264
1642411436595970049
1642412507859132417
1642416905897099264
1642417709240524805
1642418711679074305
1642418784441958400
1642418964738330625
1642421586018926593
1642421585691701248
1642421584827654146
1642421584341389314
1642421584244666369
1642421584202743810
1642421590892728320
1642421588468416513
1642421594281725953
1642421599574925314
1642421608345378816
1642425152196444161
1642425189680963584
1642425187860721665
1642429694053085184
1642431064198066176
1642433405555027968
1642433434466545664
1642433743557148672
1642435436906684419
1642436691851083780
1642436690638675969
1642436695235653633
1642436692056342528
1642436699304206336
1642436699081801729
1642436703548850176
1642436702743543809
1642436700751245313
1642437516912467968
1642438440451989505
1642440963070087171
1642441486837993473
1642443551811203072
1642443696627916800
1642443696627916800
1642444225630330882
1642445312420634625
1642447402320764928
1642447533011271680
1642448036210065408
1642448126827978753
1642449993557757952
1642450360777289728
1642451157946875904
1642451618627977218
1642451774777839617
1642451782113677313
1642451781182451712
1642451781086060548
1642451781056643073
1642451787905921024
1642451795346616321
1642451795275395078
1642451797695496192
1642451795640238087
1642451799771627520
1642452057088212993
1642455629863309313
1642456618175729664
1642459846346694661
1642460421842956288
1642460631897915399
1642460631897915399
1642464581237846016
1642464581237846016
1642465984480006144
1642466765669117953
1642466863513739266
1642466862813331457
1642466870413471744
1642466885324230658
1642466883528957952
1642466890772627456
1642466888536973313
1642466892156682240
1642466902856331265
1642470223902113792
1642470767769145345
1642471774561394689
1642473757972348931
1642474189633253376
1642474455686578176
1642474870997909504
1642476395984195584
1642477625494097920
1642478523163222016
1642480380354674690
1642480999228481536
1642481442356699136
1642481466545192962
1642481973569417217
1642481970989989889
1642481970130087938
1642481972650844163
1642481972047142912
1642481985783480320
1642481983585484802
1642481989805649920
1642481995593940993
1642482001469997057
1642482035271819265
1642483209177821187
1642483448404164614
1642483710158143488
1642484428285919234
1642487037122203650
1642488107336335360
1642490382335332353
1642493812881735680
1642493865960562689
1642494277400838152
1642494706230886404
1642496865529921536
1642497071616761857
1642497076192788482
1642497084254302208
1642497082790408193
1642497082551566336
1642497087676854273
1642497092210892807
1642497097567031297
1642497096703152129
1642497100704366592
1642497829582295040
1642502132954693633
1642504609259298818
1642504661025341440
1642505123724161026
1642505491057201156
1642508274506379266
1642508694536744962
1642511051970183169
1642511051970183169
1642512155730690050
1642512157404278784
1642512156011687937
1642512168141615107
1642512166828883968
1642512174433071104
1642512183522217984
1642512181529804803
1642512197099175939
1642512196130177025
1642516272561676290
1642516871076274182
1642517535558860800
1642517992318676992
1642520057656819712
1642521602540679168
1642521681016102912
1642523610110722053
1642527275139858433
1642527279732457472
1642527278503542784
1642527276695982080
1642527283956142081
1642527281347444737
1642527291614830593
1642527296568320001
1642527296082030594
1642527299269525504
1642527382027288577
1642532065475190789
1642532506749599745
1642533741233840129
1642535130882543616
1642535858875105281
1642537019577442304
1642537590975873027
1642537590975873027
1642538370990587907
1642539328428490752
1642542377834258433
1642542381143826433
1642542387078520834
1642542391113523202
1642542389494530051
1642542390664736770
1642542393818742784
1642542393399574530
1642542400726867970
1642542406280290304
1642543119034900480
1642543169827921921
1642543169827921921
1642543652420345857
1642543933845565440
1642544023423401985
1642544691886399490
1642545116551233536
1642545442960334849
1642545905583763456
1642546277689819139
1642547380951105536
1642547755217199106
1642548812915916800
1642548853239889920
1642552335430742018
1642553490365972484
1642554341835034624
1642555456143884288
1642556327833509891
1642556607195217923
1642557163422769159
1642557163422769159
1642557477592989697
1642557481242210304
1642557479820185601
1642557479514173443
1642557481749495808
1642557484723490816
1642557488393232384
1642557495766818816
1642557492944162818
1642557497721466880
1642557502435872768
1642560914644664321
1642561780470669314
1642562218792239104
1642562635282391042
1642563446657933315
1642563543592493057
1642563798564233222
1642565723145814018
1642566595556851712
1642566892467507202
1642567259032780801
1642571511176343552
1642571715967344640
1642572577813204992
1642572575770386435
1642572582401572864
1642572581705269253
1642572581403348997
1642572583219474432
1642572585580871681
1642572587371724800
1642572591775744001
1642572598419521538
1642573927409909761
1642574921610960898
1642577167023210497
1642577634134466560
1642578564246634497
1642580170807672834
1642582747863547907
1642584056771518464
1642585596827672576
1642586629507358723
1642587485438984197
1642587566732967940
1642587670525116416
1642587670244388864
1642587677064044547
1642587681581326337
1642587685624619009
1642587690645479424
1642587686841008128
1642587694277574656
1642587697679040512
1642588281337462785
1642589960837447682
1642591043064307712
1642591205996257282
1642592853334556672
1642593295640535043
1642594593911742467
1642594814465064963
1642594814465064963
1642596139181416449
1642596139181416449
1642601545509531648
1642601877610037249
1642601915711209474
1642602768727969793
1642602768379568128
1642602773349842946
1642602775031734273
1642602781734305794
1642602785462972417
1642602786129838080
1642602785836265479
1642602784615809026
1642603299106082816
1642603303438565377
1642603806721490944
1642603981477236736
1642603981477236736
1642605730648686595
1642606465520214016
1642607422467457028
1642608211755671554
1642608211755671554
1642609535658471424
1642611281441030145
1642612066262347779
1642617343850479616
1642617879127379970
1642617884445663237
1642617886840586249
1642617886375292928
1642617886232674304
1642617891827662851
1642617891286548485
1642617896638578691
1642617898349862912
1642617897561235461
1642618458583056385
1642620182731317248
1642629544099160064
1642629721807630337
1642629790938144769
1642629790938144769
1642629941937205249
1642630150792654849
1642630782463115265
1642630830425096194
1642631056577683456
1642631619306504194
1642632113697751040
1642632968270237703
1642632975840948224
1642632975513780225
1642632985278046211
1642632983579353088
1642632983537410058
1642632985320079360
1642632993322807298
1642632991414296577
1642640147614244864
1642642393802461185
1642642449444077569
1642643363529650181
1642645473612668930
1642645481321906177
1642647479551180800
1642647749832196099
1642648050492493830
1642648071287734274
1642648071149428743
1642648070516088833
1642648076300025856
1642648073724739585
1642648088274673664
1642648092171292672
1642649927376355331
1642651671372128260
1642656245659181062
1642660998182993928
1642661271324483585
1642663131959930880
1642663145675059200
1642663151589289984
1642663158199328769
1642663155766624257
1642663164272685058
1642663169515503617
1642663174695686146
1642663178181001218
1642663180777160705
1642663192882208769
1642663263920848896
1642671887540006913
1642672604921356289
1642674432454844418
1642678253516103681
1642678252354383875
1642678251511332864
1642678256334716928
1642678254438940674
1642678259174318081
1642678268204548097
1642678284965261312
1642678289557757952
1642678292758011906
