1643403796041564161
1643405356834656256
1643406406077526016
1643406476323463171
1643408066488987655
1643410297984622592
1643411915085955073
1643413313114497025
1643414755443453957
1643416580821245953
1643417449335750656
1643418106675580931
1643418112857890817
1643418109171101696
1643418109494333440
1643418117765308420
1643418139705634816
1643418146546814978
1643418157053345793
1643418155149303808
1643418165429534720
1643423639956537347
1643424559280816129
1643429630399901697
1643431922759241728
1643432905832529923
1643433140701089800
1643433239951077377
1643433243478310917
1643433241859219456
1643433246103838723
1643433251959107584
1643433257156112385
1643433256207908865
1643433263271395328
1643433264885948417
1643433262789042179
1643437526412308481
1643437681714634754
1643440509958930432
1643443472559661056
1643443472559661056
1643443472559661056
1643443472559661056
1643446479887933442
1643447401091330054
1643448313319141376
1643448318368833536
1643448321531420673
1643448327365869568
1643448326858199042
1643448335234134018
1643448342679023622
1643448347640864768
1643448352305188865
1643448349939597312
1643463411177787394
1643463408551862273
1643463413572485120
1643463443113017349
1643463442240528384
1643463458443108353
1643463457700732928
1643463458363518976
1643463468165603330
1643467536996990979
1643467826307399683
1643474159584903169
1643476377776312320
1643478535741509632
1643478542137606144
1643478541718151173
1643478546659065861
1643478550534651906
1643478555639050241
1643478555139907584
1643478553562951680
1643478562995937280
1643478561779507201
1643479596606668801
1643487177567789057
1643487793786617857
1643488188319813632
1643489443486261250
1643489611069390848
1643493143159926786
1643493631058235394
1643493628566708225
1643493640872886273
1643493651194998787
1643493649253007360
1643493657008386054
1643493663513919488
1643493663216132096
1643493661429096449
1643493665891926017
1643493841805221895
1643496176002514944
1643496176002514944
1643496176002514944
1643496767214723072
1643497913455112192
1643498814232305669
1643499028435423232
1643500830035697671
1643501766401482752
1643502478971764737
1643505135677472771
1643506030838439936
1643507788033785857
1643508518681542657
1643508725813252096
1643508727717273600
1643508731748155392
1643508739834630145
1643508747933818880
1643508747677970432
1643508754682609664
1643508759069638657
1643508758515949570
1643510557268484096
1643511423232876544
1643511824623583234
1643512849124282369
1643513796638416900
1643518402777038851
1643518584080199680
1643519343244857347
1643519564695625729
1643521022434611201
1643521607774740486
1643522608963686401
1643522611782057984
1643523846589251584
1643523844676763648
1643523843821039616
1643523849235906561
1643523854646808577
1643523853367361537
1643523858253901824
1643523863601446914
1643523865858002947
1643523864595496960
1643528469706424321
1643529049619193857
1643529563148804096
1643531377743208451
1643534410287833089
1643536834641657858
1643537356396560384
1643538523411103746
1643538745742729221
1643538928895508480
1643538933999910914
1643538932691349506
1643538945563676672
1643538949695238144
1643538947245498370
1643538958989533184
1643538964115079168
1643538966795231232
1643540882619023360
1643543044333895680
1643543115540643841
1643544488319614978
1643545265998110720
1643547238675673088
1643548406298599424
1643549941611020289
1643550087191187458
1643550158842474496
1643550200970072064
1643550518873038848
1643551215001673734
1643551381926682625
1643551867308310529
1643552521581912066
1643552590184030211
1643554039794155520
1643554038305243136
1643554046014283776
1643554049713926146
1643554049390780416
1643554051810836480
1643554050988814337
1643554056236077056
1643554061818494977
1643554065752944640
1643556131359399937
1643557077602693121
1643557835127521280
1643558162665033729
1643558706984910851
1643558950435172353
1643560415983550464
1643560604769107970
1643563489447821312
1643564000964214786
1643565238455771136
1643565835926007809
1643566647557365760
1643568351266893833
1643568751634259968
1643569157982806016
1643569154669133826
1643569154580938753
1643569157491884034
1643569155805773824
1643569162051002368
1643569161904201729
1643569160012562433
1643569165762953218
1643569162650779648
1643569175330168833
1643569596060819459
1643571060166541312
1643573477704597504
1643574465849171968
1643575837948534784
1643575985676201994
1643577213256626176
1643577303362879488
1643577522204942337
1643578393324138498
1643580179535757314
1643580649905766400
1643581313876647936
1643582544233807873
1643583219424436224
1643584253383278597
1643584251877552129
1643584257346945024
1643584259234615296
1643584258546573313
1643584258462695424
1643584264183611392
1643584263575736321
1643584262879293440
1643584797598523395
1643587337035608064
1643589006901366784
1643589059757891587
1643589794931564551
1643590242069348352
1643591988757905409
1643593500364029953
1643593544177790978
1643594995457310721
1643595334386429952
1643595654281719809
1643595969601196032
1643596253412958208
1643596498876219392
1643597359383994376
1643598244889391107
1643598636494868480
1643599063864967168
1643599282774188033
1643599355872526337
1643599354987532288
1643599353481773056
1643599356862365696
1643599359081345025
1643599358657691648
1643599357604687873
1643599364495949824
1643599363879436288
1643599365469089795
1643600120712245250
1643600368171900934
1643602318997299202
1643602455706337280
1643602830882664449
1643603142104236042
1643604506830143488
1643604504238014466
1643606080918806530
1643606423266361345
1643608439355056128
1643608690379948035
1643610123342946307
1643610162953871360
1643611902616956930
1643612861388800003
1643612997779070981
1643613523778453504
1643613776611246080
1643613951366774785
1643614387091955712
1643614439760076801
1643614447305465859
1643614446449745925
1643614448823721987
1643614459066306568
1643614458055409666
1643614457787039744
1643614462853758978
1643614461436260352
1643614613416861696
1643615631281905669
1643615687154323460
1643615763234684937
1643616126281166849
1643617316192546818
1643617607784837122
1643617870285291524
1643618163509059589
1643618167577538561
1643618212670578690
1643618271671771143
1643619961221398528
1643620596415176711
1643623708664143872
1643623999279079424
1643624511697289218
1643626234197278723
1643627639733641218
1643628323270959110
1643628576325922816
1643629033907732481
1643629415581057024
1643629546506264577
1643629551812067332
1643629549060608003
1643629550717263874
1643629555280740353
1643629554118848514
1643629557818306560
1643629557524701185
1643629561911947270
1643629561148579844
1643630453558067202
1643630728930906120
1643631785329164293
1643634012446167040
1643637750329999365
1643637750329999365
1643639486205575169
1643639695920836610
1643640296490582016
1643640363884638210
1643640499151200256
1643643415328964611
1643644644432003074
1643644651067375624
1643644649406631936
1643644653915238400
1643644659212664833
1643644658738933760
1643644657790853120
1643644663146987521
1643644661171355649
1643644660278083584
1643645620685623296
1643646568803848194
1643647047390691329
1643648038458785792
1643650428159283200
1643651605311397889
1643654815606505492
1643657448056553487
1643657523722072064
1643658160316510208
1643659233164918787
1643659746677850113
1643659745440546816
1643659742940897281
1643659749928448000
1643659747583819778
1643659747361705984
1643659751811579921
1643659751257931793
1643659759944441856
1643660283192147968
1643660283192147968
1643662026097426446
1643666662447513606
1643667033043918848
1643667605876506664
1643668414454538261
1643670369918754835
1643670837571067910
1643671085454434304
1643672095703064576
1643672347285626896
1643674849855021056
1643674849670225921
1643674848307159062
1643674847980003332
1643674847044591616
1643674846919020545
1643674853541650433
1643674854858661893
1643674859304787969
1643675251044229129
1643675886053466132
1643676874122629120
1643677632679260160
1643678016667623437
1643678575386845184
1643679981686464520
1643680086699442176
1643683179486748672
1643685633997643776
1643686872458178560
1643688994721390592
1643689328680345602
1643689394690301955
1643689929044549654
1643689937303134225
1643689937043111936
1643689934711054354
1643689945029042197
1643689953971298315
1643689952754950144
1643689956143947780
1643689955435364352
1643693959397376000
1643694936326373376
1643695172432142338
1643696389044461568
1643697294674386963
1643698559978463251
1643699317041946634
1643699424009281549
1643699496377827328
1643700866505949188
1643701277380018177
1643703030381002755
1643703718968193026
1643704307684896768
1643705023933579267
1643705027649732611
1643705024336240640
1643705031273725953
1643705037930086408
1643705044275982337
1643705041239326724
1643705047979634689
1643705059606183937
1643705058326970369
1643708861428187137
1643710173783916546
1643710716275310592
1643711360637849603
1643713050112040967
1643716149681725454
1643716933697646593
1643717933531799562
1643718509938049024
1643720118462193666
1643720119946977282
1643720131200049152
1643720139592933380
1643720137810358274
1643720141757202433
1643720151152599042
1643720156970098688
1643720155254628369
1643720159352463368
1643720162846318600
1643722434460151810
1643723616134082562
1643725451934806019
1643725451934806019
1643725451934806019
1643725451934806019
1643726714252427267
1643727157460615168
1643730336491380736
1643733032182988803
1643733958566244355
1643735225216761857
1643735228664487937
1643735232288284673
1643735236285542403
1643735248294014977
1643735249312964608
1643735256632111104
1643735256028295170
1643735253620752384
1643735989360402432
1643737742936006656
1643740629955149824
1643741248380088321
1643742896447967232
1643744123432869891
1643744204554924032
1643744989774766082
1643745248496205824
1643745651090665472
1643746103832219650
1643746349698121730
1643747394742517761
1643750305241391104
1643750308496158720
1643750307548266496
1643750310169681921
1643750317585240067
1643750326976249856
1643750327680909313
1643750354759327744
1643750352179834880
1643750358613921793
1643755084885422082
1643758154323197954
1643765186736553984
1643765417851359233
1643765419465908226
1643765423341543425
1643765423685644288
1643765430484385792
1643765432564760577
1643765442425626624
1643765448691908609
1643765450868768768
1643765455176212481
