1647027766632513537
1647028522949509121
1647032150359777282
1647034102791434251
1647034260463800328
1647034462314672128
1647034632821514241
1647034826808074240
1647034887965392896
1647035055984746496
1647035121957208064
1647036417607098368
1647039257045762078
1647041425417072640
1647041798722953216
1647041960434102274
1647041984849117184
1647041995414843392
1647042001789939716
1647042027102535680
1647042031359754241
1647042038846611459
1647042048753823744
1647042046887092225
1647042046862184448
1647046193459888129
1647049480796008450
1647052038373617665
1647053409852243968
1647053980344672259
1647054426853523459
1647054879226056710
1647055013959675905
1647055794821537792
1647056395735298051
1647056560433299462
1647057077645238276
1647057084955893762
1647057098608353280
1647057096452472850
1647057103662772225
1647057118292332544
1647057117646589952
1647057136227336198
1647057140106838020
1647057141969350656
1647059216266575872
1647063622722674688
1647063909327593479
1647064002252382210
1647064673412317186
1647066460517285894
1647068816042782721
1647071501944868864
1647072182919643139
1647072205841244160
1647072211621097472
1647072217291980800
1647072216780095492
1647072221645484049
1647072222098624517
1647072236380237828
1647072235616862208
1647072234840752128
1647072440240025602
1647072835624488962
1647081088316055552
1647081241207005187
1647081950090346496
1647081952476897281
1647082143623913474
1647084402160041984
1647087255087980546
1647087255918452738
1647087284846510082
1647087282988482560
1647087288046989313
1647087317952217088
1647087322872119296
1647087330623361024
1647087343038517248
1647087346158796802
1647088571633762305
1647090540045795329
1647090784582131712
1647092360096907265
1647092627655753731
1647092627655753731
1647093799787569155
1647093930691887104
1647094289334259717
1647094791794982914
1647098158634213380
1647100543515361280
1647102373968355328
1647102378485895168
1647102395564937217
1647102395246075904
1647102399176163328
1647102398949650432
1647102410563698688
1647102436434223104
1647102441869959168
1647102440058269698
1647104531573133313
1647109201943232512
1647112558464073728
1647113582084079620
1647115789244284931
1647116062163365888
1647116330187849728
1647116373875621890
1647116762649960450
1647117461718695942
1647117470119936000
1647117469314678786
1647117475761324034
1647117487866253312
1647117512838971392
1647117518765723652
1647117526671806465
1647117547047665665
1647119961025040385
1647122853739855873
1647123649164644354
1647124616165609475
1647124975441068032
1647126344482816001
1647126383078899715
1647128218124558336
1647128433099407361
1647128564741832705
1647132607220715525
1647132611813298179
1647132616062279680
1647132621292601345
1647132625268531200
1647132623699947521
1647132622710030337
1647132637608263680
1647132640250671107
1647132653496283136
1647132937215696896
1647133206880067584
1647133710716731394
1647134996639916032
1647135234406612992
1647135381513461760
1647135470277607424
1647135977406623746
1647136038706376705
1647136054309257216
1647136080150294528
1647137111210962946
1647137259475423232
1647138657642459138
1647139515599839232
1647140177339359233
1647141150321438721
1647143783618818048
1647144728473763840
1647147693146243072
1647147699223900160
1647147699773292544
1647147712637272066
1647147715845935105
1647147724507054081
1647147733743009793
1647147737874407424
1647147740713955328
1647147738847387652
1647148462293778438
1647148792020598784
1647149158418255872
1647150314078994433
1647151276344369152
1647151504149860354
1647152309988884486
1647152309988884486
1647152794791723008
1647156382838435842
1647157283082870784
1647157336337940482
1647158331419807747
1647158987480244225
1647158987480244225
1647158987480244225
1647158987480244225
1647158987480244225
1647158987480244225
1647158987480244225
1647158987480244225
1647158987480244225
1647158987480244225
1647158987480244225
1647158987480244225
1647158987480244225
1647158987480244225
1647158987480244225
1647158987480244225
1647158987480244225
1647158987480244225
1647159935556546560
1647160186413666306
1647160592602648576
1647161256657420290
1647161654013214730
1647162507038171138
1647162774567669760
1647162787876196354
1647162803030204417
1647162806771531781
1647162824890925057
1647162830637121539
1647162830364504064
1647162835045318656
1647162838946033664
1647162846084763649
1647165305008066560
1647165317653876736
1647165912133533696
1647166224537894913
1647167167077711875
1647168982208897024
1647169262119731200
1647169273666887680
1647169359368929280
1647171053523959816
1647172843317198849
1647172993435459585
1647172993435459585
1647172993435459585
1647172993435459585
1647174514608930816
1647174570053386240
1647174952431366147
1647175613172645890
1647175610664632322
1647175681711968257
1647176255702286337
1647176488439930880
1647176600264269826
1647177915367292931
1647177915010875396
1647177917904961537
1647177917917528065
1647177921566588928
1647177924808699904
1647177937446404096
1647177941930119169
1647177944929021953
1647177943142023170
1647177946925535232
1647178145223565313
1647178145223565313
1647178460127989764
1647179255724351488
1647179255724351488
1647179830859800576
1647179899487019009
1647183125800157186
1647185498836987906
1647186109707829249
1647187639358074882
1647188207933480960
1647188251252518912
1647188544937402368
1647188598591201280
1647189204818968576
1647189707095433216
1647190318406590464
1647190366406295553
1647190953675948034
1647191892612857857
1647192256036700160
1647193011112009728
1647193008670949376
1647193022927446016
1647193022889689088
1647193020360425472
1647193032410775552
1647193032054444039
1647193035850014720
1647193033841029120
1647193044104388608
1647193194856153088
1647195291496349699
1647195882520018945
1647197508878082048
1647197902685470721
1647198230940205057
1647199146082725890
1647199445916819457
1647199582462574593
1647199775668985856
1647201432217567232
1647203443310751747
1647203575657799685
1647204105641705473
1647205152284110850
1647205152284110850
1647207974526394368
1647208116998623232
1647208115740319745
1647208123130851329
1647208123675934722
1647208124825190401
1647208124481257480
1647208124028256256
1647208132450344961
1647208138922246144
1647208144693493763
1647209583717302274
1647209635445714944
1647210468291801089
1647211328573161472
1647213189506158592
1647214712617152512
1647215507022524417
1647217683161595904
1647217996929064962
1647218631095332864
1647220361505951744
1647220545426010112
1647220632814223364
1647220945088552963
1647221477983256576
1647221947103600642
1647223184050073600
1647223204870516736
1647223203234807809
1647223206120497157
1647223217520623618
1647223217181069312
1647223224093089793
1647223238399782912
1647223240102670336
1647225071331598337
1647227968547168258
1647230378422280193
1647230580038287361
1647231571949244423
1647231692539674625
1647232446516146179
1647233634934435840
1647233634934435840
1647234076695248896
1647234087780851712
1647235182733172739
1647236493490962432
1647236527171448832
1647236617977974784
1647236692279959552
1647237099048026113
1647238168746287105
1647238307246374913
1647238311822389249
1647238312568975360
1647238319044952065
1647238330533199873
1647238333612044288
1647238331955118082
1647238343489404928
1647239663919431687
1647240470102196224
1647240470102196224
1647241293351772162
1647241932953845762
1647243581776617477
1647244092550660099
1647244112033095681
1647244553571713024
1647245268302151685
1647245653834096641
1647245827063029761
1647246250150854657
1647247108779507714
1647248328176926723
1647248538856824835
1647251365687705600
1647251541219237895
1647251614992941061
1647252028706504708
1647252212391763969
1647253351418019844
1647253407864856576
1647253413757845512
1647253413699239937
1647253411644198912
1647253424675729408
1647253427347398657
1647253427251027968
1647253434716897280
1647253438621687809
1647253974389608449
1647254564439990273
1647255706309996548
1647258652133191683
1647258973865746432
1647259289067610115
1647259321430843392
1647261026637758464
1647261075631398912
1647261763446923265
1647263708891029504
1647264637790965762
1647265973467074561
1647266695688650753
1647267832365809665
1647268294699696128
1647268473410658305
1647268503584423936
1647268501705375744
1647268509171216384
1647268515760463872
1647268524081987590
1647268522441990145
1647268533410181123
1647268535989678082
1647270287589748738
1647271231396126721
1647271231396126721
1647273623999115271
1647274514747621376
1647275161739993088
1647275161739993088
1647275478670282752
1647275552561086465
1647276593679564800
1647276599513956352
1647276604161155072
1647277016998191104
1647277524303355906
1647279171649847296
1647281053969547267
1647281170999128064
1647283581809573892
1647283596703543296
1647283603708030981
1647283606388191233
1647283606161616898
1647283605960310787
1647283616026689536
1647283615758442496
1647283632506040323
1647283631184916480
1647283635861721088
1647283893224058882
1647284327691214848
1647287092915892228
1647287988919959553
1647289968274952192
1647290856544583682
1647291056436793344
1647291659959382016
1647292272713641988
1647292485951995912
1647292492973211653
1647292819294371840
1647293122265903105
1647293122265903105
1647293122265903105
1647293122265903105
1647293122265903105
1647293137168240640
1647293135939317760
1647293138413944833
1647293148119310337
1647293409332166656
1647293662647275521
1647294571896864769
1647295853952917505
1647296695535902720
1647297219064627201
1647297290942521345
1647297411025444866
1647297512452005893
1647298722135707651
1647298727466479618
1647298730276577281
1647298729693663233
1647298737079762947
1647298734902898690
1647298734064009219
1647298740586151936
1647298738120196096
1647298737604263936
1647299562019667971
1647299760917716992
1647300725494480898
1647301249321123841
1647301305579216903
1647301428782993408
1647304729041547264
1647304841390063616
1647304841390063616
1647305508464754689
1647306418230374402
1647306870980313092
1647307011191701508
1647307677180080128
1647309178808016896
1647310472385900548
1647313657422921728
1647313798422843393
1647313798326263810
1647313804827541506
1647313811068600320
1647313817188048897
1647313827946528770
1647313830152634370
1647313840923635716
1647313839728345097
1647313889116266500
1647314836072591360
1647314884101644290
1647314906750885890
1647316546904006659
1647316962794676224
1647317160379793414
1647318320276729856
1647318500690542599
1647319027738353668
1647319258995605504
1647319950472761345
1647320432356237318
1647321897267240961
1647322398939844608
1647322701533528066
1647322935189807107
1647325097168973825
1647327442359701504
1647327699294101505
1647328663719878656
1647328902291902465
1647328914908524545
1647328914619142144
1647328912966336513
1647328918892888064
1647328919626956802
1647328923112316929
1647328924504842240
1647328936827711488
1647329933234929665
1647330529509883905
1647330766253174785
1647332777971384321
1647333351932547076
1647333834252328960
1647334112187801604
1647335330213756928
1647335610837868551
1647336648718295044
1647338098488131584
1647338403023781888
1647339817879863297
1647339830194458624
1647340405942374401
1647340724365705216
1647344001316528128
1647344007721152512
1647344018773123073
1647344015392514049
1647344024725114886
1647344028055109637
1647344027925094401
1647344033981685760
1647344039044194305
1647344038088003584
1647344555316969473
1647345518916280320
1647346342224711683
1647347126613991425
1647348644280975363
1647349131579465728
1647349448060854272
1647351599260475392
1647352302171308036
1647353277552513024
1647353867145818113
1647353982262603784
1647354953634131968
1647355498142867457
1647356428447784963
1647356984830640134
1647358478158123008
1647358751521796102
1647359104719921152
1647359112337055744
1647359117718171655
1647359117332303873
1647359120285245440
1647359124047273985
1647359128501645315
1647359132268109826
1647359137565556738
1647359135690678278
1647360089966215168
1647360108400189441
1647365163807301633
1647366717151105026
1647367760584884224
1647369592879169536
1647371810466324480
1647372355415465986
1647373789146103808
1647374190318592002
1647374199688773634
1647374208815562754
1647374224003158019
1647374229690613763
1647374232882651136
1647374237198438401
1647376262560718856
1647378139121610754
1647378264191557638
1647378369145651201
1647378948794331138
1647379056197873664
1647379513419104257
1647379978735034370
1647382559850999808
1647382614460751879
1647382707079372800
1647386482855022592
1647386964788748288
1647386964788748288
1647387271132323841
1647389295685296128
1647389304459501569
1647389303054696448
1647389311312994304
1647389309362733056
1647389320309792769
1647389317797380096
1647389330531405826
