1647751957052903425
1647754424243171330
1647755679711604737
1647760054794301442
1647762653798969347
1647763389614288897
1647766418681655296
1647766614534762496
1647766728242257923
1647766725734039555
1647766735003738118
1647766742121234432
1647766748031225856
1647766751570960384
1647766758588071936
1647766781619236865
1647766807846039557
1647766824476459008
1647769214575362048
1647770169496817665
1647770573710458881
1647771395961790465
1647774129720786944
1647775792628404224
1647777323683332098
1647780960136491009
1647781749647130632
1647781766235561986
1647781775031287808
1647781781045690374
1647781816705732608
1647781852785115139
1647781866466836487
1647781907239694336
1647781915754110976
1647781915494354944
1647783581199085570
1647784609256722432
1647784893500252160
1647785860132405248
1647786336693407746
1647786334613045248
1647789023870717953
1647790861734821889
1647792044415365123
1647794815797542916
1647796557872332801
1647796771987308545
1647796881840394240
1647796880657510400
1647796902551773186
1647796912450404363
1647796922474692610
1647796928107761667
1647796960139567105
1647796959569231873
1647796958537605120
1647796977495678976
1647797528035840004
1647799181136764929
1647800199241252871
1647800401369141248
1647800918111289344
1647800932082814978
1647803086629490688
1647803940862590978
1647812054458449920
1647812060426776578
1647812065719926785
1647812071818506245
1647812086561644544
1647812082614644736
1647812088168058880
1647812086746222593
1647812095315185664
1647812111924338688
1647812635537309698
1647812635537309698
1647814200515764224
1647814386596081669
1647814606986039296
1647815468520988673
1647816369151279104
1647817422886379521
1647822378549010433
1647823198447345665
1647823464403976192
1647826104407785472
1647827157404512256
1647827166225383426
1647827172734672897
1647827171086409733
1647827183883132928
1647827186366201856
1647827193580654594
1647827197091102720
1647827204896882693
1647827213608275968
1647827227592265733
1647827364825399297
1647827797581213697
1647828172711313408
1647828535422140416
1647828645447102464
1647830098978930688
1647830352239419393
1647830628182761474
1647830693022507008
1647831203301531648
1647831528917852161
1647833172703363072
1647833384817680384
1647834786860244993
1647834882285125633
1647835557328744450
1647836964358332422
1647837816204800002
1647840293595537408
1647841685156556803
1647841902727770112
1647842236913123329
1647842275223896065
1647842274049499137
1647842284581318657
1647842298154065921
1647842297617293312
1647842303804076032
1647842307008507904
1647842315115872261
1647842320170237952
1647843000393900032
1647843003073961984
1647843003073961984
1647843169361440768
1647843734946566144
1647845664926171138
1647845691337719808
1647846311905882113
1647847399887388672
1647847470561628160
1647847950729478145
1647848285233909761
1647849558918180866
1647849566472138758
1647849570905227269
1647849884069040128
1647850438618935297
1647851330780938241
1647851835372208129
1647852362806198272
1647852470024978432
1647853263629479938
1647853397289123841
1647853649266180101
1647853972152107010
1647854085008248838
1647854360422957060
1647854774832775168
1647854886149562369
1647855763384041472
1647857372524675073
1647857369563512832
1647857383526506497
1647857387402055680
1647857385946357761
1647857393454272512
1647857408268709888
1647857409451257856
1647857406628491264
1647857484495716356
1647857665928749056
1647857727471853570
1647857740922904582
1647858396127797248
1647858614189654017
1647859277837508608
1647860890744619010
1647862420445044736
1647862719843041280
1647862801635987458
1647863376482107394
1647863413920395265
1647864350068330498
1647865386249977857
1647867263905677316
1647867810696052737
1647867893617442816
1647868262431039489
1647868331838283777
1647868914083434496
1647869024804405249
1647871689500381188
1647872471738056705
1647872471083909122
1647872479698857984
1647872482433732608
1647872486992748548
1647872492864782336
1647872494081310723
1647872501161279489
1647872516789092359
1647872519230091266
1647874368125521920
1647874925842112512
1647875294093627393
1647875294093627393
1647876780785557504
1647877477027528705
1647877556417490944
1647878127861760000
1647878404019036161
1647880046831456256
1647880076615356417
1647881234180198402
1647881553014398977
1647882306676301824
1647882358907973633
1647882466017902592
1647884040815648768
1647885640241954816
1647886510354747395
1647886533460992001
1647886694207614976
1647886839125008384
1647887024580599808
1647887528257810441
1647887585262313475
1647887589951586304
1647887593122455553
1647887601142038529
1647887611875188736
1647887615822004224
1647887615314604037
1647887615046164482
1647887618686996480
1647887618364018688
1647887995607842817
1647888262038470659
1647888449704173569
1647889045710675974
1647889046507511808
1647890058026926080
1647890635460886530
1647890765593423874
1647891184914780160
1647891303538081793
1647891639141031937
1647891970709127173
1647892101273624576
1647892532389355520
1647893181927763970
1647893512472371200
1647893649500299266
1647894368362037250
1647894423257382916
1647895370754605057
1647895808702816259
1647896037636317184
1647897625675309058
1647898746598858753
1647899117408989184
1647899115651563522
1647899133628280832
1647899137457750018
1647899433181257736
1647900205000404993
1647901019920056321
1647902253154533376
1647902372998397954
1647902404002684928
1647902690393899008
1647902689609621507
1647902688753983489
1647902688103878658
1647902692155486210
1647902692797296640
1647902698384113664
1647902718558629888
1647902717392592897
1647902717375856643
1647904354471489537
1647905207823523842
1647905207823523842
1647905320142880768
1647905769994477568
1647906215920320517
1647906223507865600
1647907706576191488
1647908086462533639
1647908210437660674
1647908728526479361
1647908971293057024
1647909194438148097
1647909430690828288
1647909549414793219
1647910665116426240
1647912161618931713
1647912760754200581
1647912788646326274
1647913022999134208
1647913678795165696
1647914477684158467
1647914630726008834
1647915293421740032
1647915737766322176
1647915807987384323
1647917570006171649
1647917640919154691
1647917750851870720
1647917754769457157
1647917760024920069
1647917766081409024
1647917771462680578
1647917770858790916
1647917773413142528
1647917785274540032
1647917788672016384
1647917809496739842
1647918424520048642
1647918492920807429
1647918930575470597
1647919308809404419
1647920739427704834
1647920828405927936
1647921385245736961
1647922662524452865
1647923241279684615
1647923383965990915
1647926081976934402
1647926546051612672
1647926681250799618
1647926878991183872
1647927451387830272
1647927810126741505
1647927983791808514
1647928579215204352
1647929055126204420
1647929485524717568
1647929583096717314
1647929613430013952
1647930706742628352
1647932203723272197
1647932622260117506
1647932746940006402
1647932890770964480
1647932887575015425
1647932894382374913
1647932891207221249
1647932898455048195
1647932902485684225
1647932900220850178
1647932905748848642
1647932910853300228
1647933100804939777
1647933522621997056
1647933636182781955
1647933862629056515
1647938122053820417
1647938123567972353
1647938372856430598
1647938687290703872
1647939581743095811
1647939735212417028
1647940055837601793
1647940331952906242
1647940632436940801
1647940630474108928
1647940862268112896
1647940862268112896
1647940862268112896
1647941615166652416
1647943450078093312
1647944627180240896
1647946259200712708
1647946478567006212
1647946588591910916
1647946819526066178
1647947011302256640
1647947333521272835
1647947501993861121
1647947988101103616
1647947993864364032
1647947998503075840
1647947994782658560
1647948001833521152
1647948006916870148
1647948006828777474
1647948003951378432
1647948010628984833
1647948013271121927
1647949023330836481
1647949405130039296
1647949793992294400
1647949838732984321
1647949838732984321
1647949992156340224
1647949995260235777
1647950178085732354
1647951194239672321
1647951379384631296
1647951563841732611
1647951822621900804
1647952621213306881
1647953126891175938
1647953213654552579
1647954455738871812
1647955311154671624
1647955346105815044
1647955351436767234
1647955573135097859
1647957062452748290
1647957460148207621
1647957460148207621
1647957702981611524
1647958089969041408
1647958933867307008
1647959249912209409
1647959665387483136
1647959869968773122
1647961178025467905
1647961574886240256
1647961895943434244
1647961956408520715
1647962461079732228
1647962466536550409
1647963074739986434
1647963076401016838
1647963086731476995
1647963088597970944
1647963086165270528
1647963091076882434
1647963094335860738
1647963098672660480
1647963109682823176
1647963117903642630
1647963856671481862
1647964578372886532
1647966221319516162
1647966830865022979
1647967034246930434
1647967069428674567
1647968463061745664
1647970001268211712
1647970422917328896
1647970462821908482
1647970787653984257
1647972294130630656
1647972895145050120
1647974139955740672
1647975364579172352
1647976825715576834
1647976825715576834
1647976825715576834
1647976825715576834
1647976825715576834
1647976825715576834
1647976825715576834
1647976825715576834
1647977570825011210
1647977749326483465
1647978021159141376
1647978184908972032
1647978185731047431
1647978189145112582
1647978198590685192
1647978198360109058
1647978210280239115
1647978208892190720
1647978206576926721
1647978213069422592
1647978212671082503
1647978776234704896
1647978920229076993
1647979174806659073
1647979478474424322
1647980293385515015
1647981265172447232
1647983021344129030
1647984309007990784
1647985015337398273
1647985582381858821
1647985633594339329
1647986030472052736
1647986213523972097
1647986221942013952
1647986726932021248
1647986868653285377
1647987427594870789
1647987700572585987
1647988272931434501
1647988865234239491
1647988907626188801
1647989545789538304
1647990971223736321
1647991135132852228
1647992077610008576
1647992414429147138
1647992650887311367
1647992990252531715
1647993292314021889
1647993291613392897
1647993289386147844
1647993295065305089
1647993302338117634
1647993304435310594
1647993307447066625
1647993317773172739
1647993316829716485
1647993314589777920
1647993319396368384
1647994048022495232
1647995584211714053
1647996604933107712
1647997095385747456
1647998475433390082
1647998511357517824
1647998547126624257
1647999220404846592
1647999884102971394
1648000224609161217
1648000266325598222
1648000275410563072
1648000900546297858
1648001349253038080
1648001985147183107
1648002012653428746
1648002062939029504
1648002859168833553
1648003121015037960
1648003912689917967
1648005028848738324
1648005982943948805
1648006884291653632
1648007284969095169
1648007992246140928
1648008369129799682
1648008383302082563
1648008385864900611
1648008385852219399
1648008385642614785
1648008393620070422
1648008393255448577
1648008399093678081
1648008401643872259
1648008407918555136
1648008411110334465
1648008756351868945
1648009430057754637
1648010160215044102
1648010935691255815
1648011559438786583
1648011723637399587
1648011966110134272
1648012979776921624
1648013149210025991
1648013152414732288
1648013152414732288
1648014945672372241
1648015332324540416
1648016178957385729
1648016379151261713
1648017931744468992
1648019726763798528
1648020244680568861
1648021236637896705
1648021865082810372
1648022086634594304
1648023247957422103
1648023482457026560
1648023479856295943
1648023485430525962
1648023492187549702
1648023491264888839
1648023496369270799
1648023503629611016
1648023502367195137
1648023505928167428
1648023515566600197
1648024164589084673
1648024605754376192
1648025151378710528
1648025206215041025
1648025841937313793
1648026458923597825
1648026477592473614
1648026915637166080
1648029458920771584
1648029977026129929
1648030304253399041
1648031677778653199
1648031989608644608
1648032894760153115
1648033650741526529
1648033900742995983
1648034107723509762
1648034501543485440
1648035424030322713
1648036788869668865
1648037041400168448
1648037852914102272
1648038132263055368
1648038561243885585
1648038560371490816
1648038576125276172
1648038580810313731
1648038580646735881
1648038580688678939
1648038583536611349
1648038588817321984
1648038596333432855
1648039232110227467
1648039564601094165
1648040539600613389
1648041506270502914
1648042776422936609
1648043811954741254
1648045276047855636
1648045949468520453
1648046824786219010
1648047277234061314
1648047478611013633
1648047859034476558
1648048318918938636
1648052829288910876
1648052978136358913
1648053529184174081
1648053690043957248
1648053690756939776
1648053688089432084
1648053693265203218
1648053691658784783
1648053696096239616
1648053698944172032
1648053702219948038
1648053699816706072
1648053705898446860
1648053713930539011
1648053712412188672
1648055005394378753
1648055803620872197
1648056371219255305
1648056660404080642
1648056829577142273
1648058571941203997
1648060109531275264
1648060447067721758
1648060953534304256
1648061314877607951
1648061831863324680
1648063216553975808
1648063216553975808
1648063399568330804
1648063445344964623
1648063961726701585
1648064005099999249
1648064168312950794
1648065745107013660
1648066125366689794
1648066557321310210
1648067195421745153
1648067637056872453
1648068113655648259
1648068113655648259
1648068777727148033
1648068779539312640
1648068783427186689
1648068794898587656
1648068792642154498
1648068791744577541
1648068796446285825
1648068810631524352
1648068807603224584
1648068887395844097
1648068910950883331
1648068926322999299
1648069359741329408
1648070181594320896
1648070494573273091
1648070494573273091
1648070811536719873
1648071309853708288
1648071522873950208
1648071576196136963
1648073538576809984
1648079870163861508
1648080244769734657
1648080671699767297
1648083143126134787
1648083823463129088
1648083865464913927
1648083865456525312
1648083879184547840
1648083883311747076
1648083889993269249
1648083902932688898
1648083911010840578
1648083910469775361
1648083913716416514
1648083911883509760
1648086755512336388
1648087077215428609
1648087387363221505
1648087986888687618
1648088558681612290
1648089346245787651
1648089642414080002
1648091366910578692
1648092011772223489
1648093071261724676
1648094498445205504
1648094913605648385
1648095456398827520
1648095456398827520
1648095688553639936
1648098349801676800
1648098946328272897
1648098972026667013
1648098986425827329
1648098985695928322
1648098991568039937
1648098990553026561
1648098999298310144
1648099005845635072
1648099014397550593
1648099113190273025
1648101535270817793
1648102631364075526
1648102721134706688
1648105316171513860
1648105923372777472
1648109820434878464
1648110501342109698
1648110501342109698
1648110501342109698
1648111350659293191
1648112294650339328
1648113759251214336
1648114042664366084
1648114041351733248
1648114044497195010
1648114064483053569
1648114084645150720
1648114089074528256
1648114091356045316
1648114105314684928
1648114106858369025
1648114111715090432
