1645219573917184000
1645220820455702529
1645230059827912704
1645230061652439041
1645230062302642179
1645230066270339072
1645230065683234816
1645230073442598913
1645230083949445123
1645230100999282690
1645230103562014721
1645235144918433795
1645237702256730112
1645244134926557184
1645245132776546304
1645245163504291840
1645245168596000774
1645245170030374918
1645245174501593089
1645245193065570304
1645255014389100546
1645255409605771269
1645257939945414661
1645259465120440320
1645260228064079872
1645260262079975428
1645260270279745537
1645260273891065858
1645260272364388359
1645260297198878726
1645260295323934720
1645260306485063685
1645260691954102275
1645275345879220225
1645275349914099717
1645275358717943808
1645275377953042432
1645275376053002242
1645275386085888004
1645275393857929218
1645275394818416642
1645276754813104129
1645279318291935232
1645281515360665600
1645282555699032068
1645286089513488386
1645290238208790528
1645290469671292933
1645290487757012993
1645290491905466368
1645290489149521922
1645290492869877760
1645290496544362496
1645290502860967936
1645290508896305177
1645290505440305155
1645291362110128128
1645293277888004097
1645293894723141633
1645295493373734912
1645297187994103809
1645297807887138817
1645298873093480450
1645300384263446529
1645301278124425216
1645302031207342080
1645302353418133505
1645303404028125186
1645304622603464706
1645305495450681351
1645305540376158208
1645305547636236288
1645305556452749312
1645305558814302208
1645305582910308352
1645305581102678018
1645305579643060226
1645305592494571523
1645305600216289282
1645306156489768961
1645307250087452672
1645307305620131842
1645310557703028737
1645311119186178049
1645311402981089280
1645314140678889475
1645314281452326913
1645315848939220992
1645315985715392514
1645316163423858689
1645317177312985088
1645320665468157953
1645320668492230657
1645320667867299840
1645320676297826306
1645320674427248640
1645320682299969537
1645320684371955712
1645320703032303618
1645320905608908802
1645322734048616454
1645322909580156931
1645323728627068928
1645325461486985216
1645326207074828290
1645330161368195072
1645330417828917250
1645330908575047681
1645332730543058945
1645334551332552706
1645335181296033794
1645335763142291456
1645335770771648512
1645335774945062912
1645335778350825472
1645335786382827520
1645335791927799808
1645335799028654080
1645335805982920705
1645335804833673216
1645335803525050370
1645336027962257416
1645337124185538562
1645340272765681664
1645340659199385600
1645346386492157957
1645346792941182976
1645347766271369218
1645349109237161985
1645350218433527808
1645350857729253377
1645350871297826816
1645350877203664896
1645350876968546305
1645350881280270337
1645350884648554496
1645350889954107394
1645350894794358786
1645350903489400832
1645350903539539968
1645352064787140609
1645352309285584898
1645355337602457604
1645358428276113408
1645361096021221377
1645362005958701057
1645362704020799488
1645363262287130624
1645364721124798465
1645364919661998083
1645365968384688128
1645365968447610881
1645365972793016320
1645365973438824449
1645365987120758785
1645365993676365824
1645365994787938304
1645366017860698114
1645367406632611840
1645367619858333697
1645368213557878784
1645368613766037510
1645369307075837952
1645371710064013313
1645373203122987010
1645373557218881537
1645374949857656834
1645375450514964480
1645375862139674625
1645376519341056001
1645376623632605184
1645379647490621441
1645380751091806209
1645381046580441089
1645381050196013059
1645381047750631424
1645381047415345152
1645381056055345154
1645381059997999104
1645381069225488384
1645381087810469889
1645381094907211778
1645381104440950784
1645381334783741952
1645382327638589446
1645382367257968643
1645382367257968643
1645384667200212993
1645386489885278210
1645388202696474626
1645389288551358465
1645390980005130241
1645393825198665728
1645394535726346240
1645396186126319616
1645396184826093569
1645396192044498945
1645396196637253632
1645396200374386695
1645396199657054209
1645396202932797447
1645396201649451010
1645396201720750080
1645396380259696642
1645396914182017026
1645396932813291521
1645397746118017026
1645397904377430016
1645398602271866880
1645401738713657344
1645401899032539137
1645402308476387328
1645402497845002241
1645404083648593920
1645404083648593920
1645405969009061888
1645406826400292870
1645407659321851905
1645407659321851905
1645407659321851905
1645407659321851905
1645408311200698372
1645408783013670912
1645410419958317056
1645410486307913728
1645411278590976000
1645411283003486211
1645411280923275264
1645411280700710912
1645411285096357889
1645411288871313409
1645411292923023364
1645411299495493636
1645411304012693506
1645411303333167110
1645411453359276033
1645411453359276033
1645411611312521219
1645413820905521153
1645413820905521153
1645417700120752129
1645418046121558021
1645419047239008262
1645419250255900678
1645420109668794369
1645420155000745987
1645420823015030784
1645423816418443267
1645423911725670402
1645424269063749633
1645425222575706116
1645425617658077186
1645425643989942273
1645426359735312386
1645426363501879297
1645426367503167488
1645426380782354434
1645426383269797888
1645426391612022785
1645426391045816322
1645426399950385153
1645426402018181120
1645426613075714048
1645426612345921537
1645427015892312066
1645427375981621249
1645428012035477505
1645428564982898689
1645430105571770368
1645430105571770368
1645430179735511042
1645431339926319107
1645431339926319107
1645431339926319107
1645431339926319107
1645434266635980800
1645435531411480578
1645440372296777728
1645440710626234369
1645441478125146114
1645441477093347330
1645441480473837570
1645441482604544000
1645441488631857152
1645441488325623808
1645441487683874818
1645441494579568641
1645441493841182720
1645441628419547137
1645444117017575430
1645444490050654217
1645446228988272645
1645447292936232961
1645448932145676290
1645448932145676290
1645449434979790851
1645450539679862784
1645450688288235521
1645452109083471872
1645452300150874114
1645455527055335425
1645455675940823040
1645456560678752256
1645456562188701696
1645456571785256960
1645456569809752066
1645456576898035714
1645456576851918848
1645456580018679809
1645456579813056520
1645456599383932929
1645456617394274307
1645457151052087297
1645459568258957315
1645461494807576577
1645462041564413961
1645462047197474816
1645462049638567936
1645462054680002567
1645462145440546820
1645462404476665856
1645463336144732162
1645464133998112769
1645464156269604865
1645464230852698115
1645466134475333632
1645466439015342080
1645469022035607553
1645471440060153859
1645471662979022851
1645471668913963029
1645471673162792976
1645471671879335967
1645471679353683968
1645471678393118721
1645471682537062430
1645471692125241357
1645471698345394198
1645471694692274181
1645471700631339009
1645471729303601152
1645471738551992354
1645471746298871840
1645472102651133962
1645472891792678913
1645472891792678913
1645473161322823680
1645473339501051911
1645474554758692899
1645476588572508176
1645477304963825680
1645478968999411727
1645479278153170966
1645479781654200349
1645480397763903492
1645481927003054081
1645482267786067969
1645483945813843968
1645485313911914496
1645485370077847565
1645486745104916490
1645486746677780495
1645486751970992128
1645486756505034781
1645486759159930880
1645486776805470208
1645486776314732553
1645486792680906752
1645486796904570881
1645487079239950351
1645489840698404864
1645490174573309954
1645490599955505152
1645490692171390976
1645491964765249538
1645494109342244894
1645494751930593280
1645494751930593280
1645496943995494420
1645497014837288984
1645497871859425301
1645497965862166557
1645500219331874816
1645500394812973072
1645500394812973072
1645500740142772224
1645501443108122625
1645501546535477253
1645501652554887168
1645501846436421638
1645501871577079826
1645501869274578944
1645501868456509440
1645501873556791327
1645501889113382912
1645501893009973249
1645501897321717777
1645501900484222984
1645501900476014593
1645503416934826005
1645503480495325185
1645504376591507462
1645505879091937282
1645506028081913857
1645506246634528775
1645506247246979076
1645507869360488450
1645509153673076736
1645509927832788992
1645510332390027269
1645511919720169482
1645511919720169482
1645513305157402629
1645513535726780434
1645513827256086528
1645514019820716033
1645514160724213767
1645514163236511744
1645516974489841664
1645516983423696896
1645516981913747485
1645516987664138241
1645516986846412802
1645516992533725188
1645516993909456925
1645516995683577856
1645516993431232512
1645517000154775557
1645519961727614977
1645520458517999616
1645521542804111392
1645525265982914585
1645526536009777164
1645526804176797714
1645526984339103745
1645527301331853312
1645530205849628672
1645531352442327044
1645531499335233537
1645532075263660039
1645532083924742146
1645532080120664067
1645532081991331840
1645532087158558720
1645532086659584000
1645532091696967680
1645532089712885761
1645532092959281154
1645532353748668416
1645534554462072838
1645534854572912640
1645539458597675008
1645542681500688384
1645543978463559680
1645545282644455431
1645545439763021826
1645547069367541765
1645547143241818113
1645547151055880193
1645547155401347072
1645547175991218176
1645547184962535425
1645547191233134594
1645547194240364548
1645547193162498048
1645547584641966080
1645547636781461511
1645547747070693377
1645551542940958726
1645553973427052544
1645562255822721025
1645562260310593536
1645562263523454976
1645562262193676289
1645562273057091587
1645562272138534913
1645562279340003328
1645562286806007811
1645562293680328705
1645562297816076288
1645562894422011918
1645564748530962433
1645564988541550596
1645567362316263430
1645567362316263430
1645569026289029120
1645569737756405760
1645569737756405760
1645569737756405760
1645569737756405760
1645569748330004483
1645574444922945540
1645576272565927938
1645577346861371392
1645577356571201536
1645577363642777600
1645577363449847809
1645577375516856320
1645577380260610048
1645577378364801024
1645577389529759752
1645577388200214529
