1645939886808002561
1645944453310590977
1645945276241178624
1645945574460456960
1645945782040682499
1645946686513070082
1645947198163517441
1645947425629302786
1645949227288371200
1645950057777168388
1645950566676193283
1645954821634289665
1645954831604154370
1645954828542025732
1645954838558277632
1645954843436277760
1645954844312866816
1645954851082207233
1645954856757374977
1645954865015693313
1645954862243299334
1645955620195934209
1645958542690762752
1645958542690762752
1645960530153324546
1645961375393480706
1645961375393480706
1645963411505725445
1645963641701937155
1645963838490128384
1645964210386468871
1645967107211894787
1645969332684423168
1645969926593626113
1645969923590455296
1645969931190632449
1645969935871496195
1645969948978692098
1645969963709079552
1645969965378314240
1645969979211239425
1645974630727929856
1645976798382153728
1645977999957786625
1645978289457229826
1645981311754985474
1645981842619748352
1645981842619748352
1645982570037780480
1645982630750429184
1645985012347437056
1645985016269160450
1645985043444285441
1645985045008777217
1645985051404894209
1645985059781095424
1645985057855930368
1645985063144947712
1645985065019555841
1645985071202017280
1645987621779173382
1645987854877884419
1645992778273378306
1645998416642600961
1646000128124133376
1646000143106285568
1646000156897312768
1646000160848363520
1646000160005300227
1646000167089217537
1646000170767720448
1646000170713116672
1646003578874593280
1646010583232438272
1646014929202290691
1646015228281323521
1646015248074264579
1646015254545985536
1646015266931834880
1646015265443041280
1646015269960032256
1646015268898971649
1646015274582245376
1646015274846396417
1646019172269441025
1646020908669345792
1646021595993972736
1646025154441408513
1646027148023537666
1646027831615299584
1646028922272849921
1646029730720931840
1646030113589321728
1646030112167534592
1646030149505404933
1646030341860208641
1646030340698275841
1646030343445815297
1646030350278094849
1646030352404688896
1646030363003858944
1646030362471190528
1646030366803722241
1646030381462822912
1646030380099686400
1646030641970946048
1646031375101992960
1646031942293286914
1646032728859594753
1646032971445460992
1646033339579781122
1646036058876829696
1646036903878176773
1646037046048194560
1646040629892337664
1646040634485092354
1646041021178937344
1646041055551455234
1646041174187167744
1646041674060029953
1646042541333020674
1646045448082259969
1646045460954509313
1646045459650347008
1646045467564728321
1646045470710697986
1646045469116624898
1646045467778613248
1646045471788417025
1646045473453617152
1646045478818029568
1646046812867035137
1646047299167039488
1646047299167039488
1646047360164741121
1646048237823078400
1646049638682710018
1646050517829787649
1646052255769010176
1646052931823607808
1646053199059755009
1646053480573050880
1646054398739509248
1646054923346272257
1646055701318365184
1646056423183339520
1646056513268776960
1646057100513271815
1646059496932868097
1646059509889081344
1646060095456051207
1646060546771374080
1646060547186540545
1646060558108565504
1646060565851168769
1646060570066444289
1646060568741130241
1646060574579515396
1646060582661914624
1646060580459913218
1646060582867435521
1646060883120996352
1646061338773405702
1646061862998495236
1646062034822344705
1646062356919713793
1646063505747984384
1646064128895664130
1646064465396285440
1646064525517389825
1646065420493783040
1646065566661189636
1646065566661189636
1646066674875940866
1646066752566992897
1646067095296245760
1646067095296245760
1646067409738924033
1646067488776499200
1646067488776499200
1646067692602896386
1646067913932132352
1646070415121346560
1646071564612386818
1646071798151168000
1646072895104249856
1646073953754947584
1646074114724036608
1646074628152999937
1646075633741578240
1646075652079075329
1646075657133125633
1646075661516193792
1646075665312038912
1646075664619929602
1646075668499779586
1646075665874051073
1646075674342334464
1646075674753466369
1646076438766841856
1646076972475244544
1646078129461420032
1646078347783356417
1646079361865469952
1646080147253239808
1646081154208997377
1646081337290371072
1646081408127975424
1646081730393124865
1646082329889128448
1646082429256441857
1646082504498216960
1646082859080220673
1646083163775545344
1646083678727024642
1646084211214884864
1646084341192175617
1646084368740282369
1646085063396802560
1646085202698203137
1646085220301434882
1646086610654568448
1646086787721297922
1646087525302251520
1646087738611970048
1646088404264800258
1646089532020776961
1646090755721633793
1646090753964138496
1646090757772640256
1646090757042757637
1646090763770425344
1646090762759577600
1646090762403168258
1646090772955930625
1646090776877883392
1646090775405420546
1646090988195127298
1646091201437638658
1646092910654357504
1646093240628649986
1646094542616100864
1646094594667343872
1646094855502954498
1646094855502954498
1646094855502954498
1646094918031495168
1646096091429912576
1646098332199141377
1646098729575895040
1646098768062816256
1646098764942262273
1646104137694687232
1646104342213033984
1646104625420853248
1646105121070219264
1646105406190624772
1646105852548349953
1646105856117702659
1646105857275449344
1646105856654680064
1646105857489354754
1646105864258961410
1646105863671762944
1646105868201521152
1646105869443125248
1646105877257093120
1646108438034886657
1646110517893689350
1646110762094436353
1646111922499076097
1646111979747041281
1646112434065756162
1646113141611196418
1646115417318989824
1646116173564596224
1646116914639392769
1646117207561371650
1646117862799470592
1646118460664020994
1646119648235081729
1646119955811774467
1646120955444330496
1646120952684478465
1646120963115737088
1646120970464399360
1646120970304778241
1646120969436639233
1646120973425422337
1646121592638910464
1646122159784247299
1646122176968290305
1646122432745586689
1646124139760046081
1646124506522570753
1646125229666697217
1646126162387640320
1646126410765942784
1646127186359771138
1646128132737441793
1646128291152031744
1646128349398564864
1646130766726799362
1646132216139751426
1646133139591364608
1646133176333369348
1646133803277074433
1646134186464485376
1646135011018432519
1646135370612891655
1646136055198826496
1646136061507108864
1646136061796466691
1646136061360320513
1646136065311244288
1646136064535298051
1646136065093238784
1646136069363056641
1646136072533864451
1646136078988976128
1646136596071063559
1646137394830213121
1646138199650050050
1646138944403243009
1646139087282135040
1646139325921239047
1646139610681024519
1646140125871497216
1646142374886752259
1646142374886752259
1646142374886752259
1646142374886752259
1646144397002653702
1646144914839707649
1646145555335135233
1646145711111536645
1646146195331649536
1646146970170302467
1646147478989799425
1646148070764052481
1646148913412358144
1646149695062908933
1646150269774725123
1646150273008582658
1646150652765061126
1646151162842808326
1646151160137383943
1646151160141586434
1646151164361097219
1646151169675337728
1646151173982896134
1646151173252972546
1646151174427402240
1646151179510923264
1646151178424578049
1646151479726579712
1646151514681999362
1646152805407768577
1646154089871429636
1646154793671438336
1646154997472608256
1646156310457602051
1646157102879055872
1646158732307615745
1646158771016589315
1646159127054262272
1646160298204622848
1646160626123677699
1646160776330092544
1646161130597896193
1646161976651808768
1646162760923852806
1646163290555334666
1646164743403479048
1646165084161421318
1646166258021199890
1646166260449787909
1646166260198129666
1646166259153661957
1646166270147010561
1646166269417209857
1646166274991443970
1646166274559410177
1646166271489081344
1646167944345313288
1646170015882682369
1646170284976685068
1646170284976685068
1646171293065068544
1646171743491325952
1646174764057108480
1646175749047746566
1646175911044317184
1646176123917565953
1646176849951596545
1646177364039327745
1646178923330371584
1646179370862510082
1646180242325643266
1646180682891251714
1646180724020596737
1646181340403089409
1646181356446134274
1646181355359813633
1646181358497157120
1646181360774594562
1646181362896887809
1646181367074496512
1646182281831129089
1646182385120100353
1646182822581772289
1646183510200418304
1646183543402274818
1646184136464560128
1646184400105918464
1646185532039233536
1646187246943367168
1646189940508688384
1646193514370285577
1646193566299963411
1646193566299963411
1646195634922291200
1646196452727873536
1646196452224299008
1646196452123721750
1646196451192586259
1646196449762242560
1646196449343066113
1646196453629370368
1646196465302224914
1646196469190344729
1646196468825440264
1646197261414588416
1646198408984641541
1646198802335023104
1646199409535860749
1646199474782449665
1646199499306696704
1646199499306696704
1646199532907118622
1646202318705115149
1646203549351657500
1646203569639505927
1646203595950374947
1646204758972153876
1646205088271155214
1646205662374903818
1646205961886105603
1646207809262960667
1646208569551863818
1646208977502453789
1646209357984538624
1646209565690830848
1646210102310092801
1646211548426256398
1646211547486732293
1646211551337103422
1646211550477271056
1646211552054312960
1646211553652359200
1646211557586616334
1646211563597053965
1646211562888216597
1646211568944791613
1646211567455813634
1646211581640949761
1646212014967078928
1646213407190679583
1646214605864042502
1646215336755179520
1646215405193826304
1646215545509883905
1646215877266898951
1646215908212219905
1646216025959202816
1646217392836452352
1646217433995149314
1646218525579640835
1646218836046393346
1646219257171279872
1646219344701947908
1646219917929349121
1646220318690668545
1646220557778550794
1646220575113908224
1646220690666713088
1646221073711497237
1646223478347923468
1646224753739599872
1646225626834010134
1646225638833913881
1646225703627522057
1646225881768001537
1646226634658152448
1646226636121964548
1646226644489707523
1646226644347043841
1646226647610261504
1646226648524521477
1646226653494771726
1646226660772151297
1646226664903307264
1646226672532717582
1646226969162399745
1646227346830000157
1646228345984516106
1646229018968981508
1646229179203977242
1646230028433362945
1646234813190291456
1646236427582164992
1646237698397712390
1646239325179240448
1646240894381637636
1646241146438402049
1646241760148946945
1646241757435162624
1646241761700765699
1646241768138997761
1646241767635779584
1646241766327058435
1646241765416923136
1646241772656287746
1646241770194231296
1646241773398679553
1646241960104169472
1646242206955753474
1646242554646757387
1646243066561347590
1646243752850124805
1646244818941771776
1646245340654317571
1646245364507332609
1646249025312546816
1646249622959013893
1646249963800653826
1646251203855106048
1646251353436565508
1646251473062207490
1646251894669471751
1646252360300216321
1646253209046994948
1646255765563244545
1646256824025317380
1646256830031560705
1646256836595666947
1646256844581552131
1646256847005818880
1646256849581137920
1646256861774065666
1646256860318646274
1646256874638000129
1646256872847024130
1646257472523628544
1646257682591154177
1646257758298152961
1646257758298152961
1646258049513054208
1646259898504695808
1646260100397678592
1646260206081327106
1646260297567444993
1646261962177650697
1646264282047283200
1646264980847697920
1646267219263774721
1646267216285904897
1646267466266312753
1646269279900434433
1646271933200187394
1646271946672443392
1646271946600882179
1646271950258356224
1646271946710036483
1646271961998278662
1646271966150795265
1646271972941217792
1646271975097245697
1646274698458669059
1646275840630566918
1646276258324520966
1646277010505736199
1646280042517864451
1646281966306865152
1646282322436661248
1646282459850604544
1646283425475620864
1646283695014248455
1646283835532021760
1646284559791661057
1646285604357918721
1646286337522167808
1646286378182004736
1646287016210886661
1646287033197838342
1646287038801387525
1646287043964682240
1646287047362060292
1646287058309111809
1646287062792904707
1646287064827064320
1646287075296133123
1646288981028642817
1646289335321280512
1646289347572793344
1646295458799550465
1646296146170748929
1646296618159800320
1646300398859452420
1646302108621377536
1646302114811981824
1646302113977303040
1646302128158175234
1646302165819097090
1646302168041832450
1646302174136213506
