1649928771951112199
1649929173840830464
1649929307530342400
1649929380229988352
1649930086299082752
1649932696347394048
1649932752349700097
1649935336993062913
1649935799230640129
1649940996292218882
1649940998548594692
1649941018287001600
1649941106908430337
1649941107860488193
1649941122771308544
1649941121173184517
1649941126550265860
1649941147907772426
1649941152626294787
1649942026966761472
1649944632875163652
1649944705872936960
1649945522571198464
1649946104803491840
1649948781394432000
1649948781394432000
1649950060191567872
1649952439292895233
1649953338098696192
1649953348727062528
1649953915721650178
1649955278161596419
1649955394293309441
1649956206465654784
1649956210521563137
1649956215500185600
1649956225608499200
1649956227089326080
1649956231887421441
1649956242821873666
1649956242176000001
1649956247259447296
1649956246567387137
1649956488062877705
1649956632627904512
1649956638605070336
1649957011738558465
1649957134233157641
1649958294100885505
1649958600834416647
1649959827332898817
1649961335893946370
1649961335893946370
1649961455775629312
1649963305044443136
1649965605510840321
1649965754719125504
1649965975041613824
1649966786119446529
1649967691283718146
1649968346597666817
1649968386368229376
1649969452581109760
1649969619808014341
1649970539526537216
1649970696565534721
1649971083464851458
1649971101185765376
1649971218869624833
1649971230093574144
1649971239547551744
1649971248527491072
1649971254173093888
1649971260846211074
1649971296242110465
1649971313401036801
1649971316131344384
1649971336666554369
1649971349383942145
1649973864355753984
1649974104831975431
1649974137526403073
1649975809291976706
1649976646105956353
1649976753073299456
1649977660200853504
1649978575741759489
1649979283295682562
1649979434546470912
1649979846179561472
1649980204339585024
1649980523157094400
1649981689051992064
1649983916898648067
1649984610988883968
1649986370239098881
1649986387800887296
1649986393660350464
1649986398991134720
1649986405307908098
1649986419559989248
1649986426157641728
1649986424450715648
1649986431652179972
1649988243427827712
1649990635250946049
1649991399969005570
1649993982976438273
1649996101225951233
1649997065584365568
1649997926209318913
1650000341109293059
1650001182000021504
1650001494140231680
1650001507557818368
1650001520631357441
1650001524825661440
1650001530181877761
1650001529670098944
1650001540164222978
1650001543603650563
1650001549945606146
1650001547995279362
1650002450210758656
1650002450210758656
1650002450210758656
1650002450210758656
1650002450210758656
1650002450210758656
1650002450210758656
1650002450210758656
1650002450210758656
1650002450210758656
1650002450210758656
1650002450210758656
1650002450210758656
1650002730822385665
1650003348760973318
1650003585097146368
1650004049834434560
1650005302077472768
1650005337620242432
1650007020790243328
1650008793244155904
1650008972865224704
1650009103291518976
1650010595112935424
1650010651278860288
1650010967231840256
1650011359046774785
1650011985944141825
1650012022371753984
1650012780550823938
1650013169413238784
1650014481697611778
1650015097153110018
1650015193609678848
1650015295971688448
1650015949699833856
1650016253484965888
1650016578753253377
1650016576022941696
1650016586848256000
1650016598256676865
1650016606783782913
1650016618989117440
1650016622126460929
1650016631064592384
1650016631563722752
1650016637251358720
1650017190693814273
1650017426656882689
1650019324659113984
1650019444473618432
1650019469882793985
1650020655293939713
1650021340324175872
1650021833478119424
1650022486602313728
1650022490196914178
1650022546211844097
1650022570115186688
1650022762516234240
1650025134026027008
1650026456729399296
1650026809201762306
1650026809201762306
1650026930404728837
1650026935114768390
1650026940743536640
1650027000944291840
1650027075523207168
1650027338480984065
1650027659966001152
1650028214104801280
1650028499162529793
1650028827710464001
1650028827710464001
1650030152418557952
1650030152418557952
1650030836123590656
1650030937436987392
1650031007020601344
1650031034724126720
1650031352442503169
1650031392980385795
1650031395232776192
1650031707657994246
1650031706135576576
1650031709142876160
1650031712259260417
1650031712985051136
1650031720664559616
1650031719502757888
1650031719012257794
1650031741061431296
1650031748200243203
1650031753212612608
1650031755917955074
1650032160634535937
1650032457570287619
1650032801599594496
1650033354983571456
1650033886238330883
1650033959206526976
1650034040102330369
1650034158784086017
1650034407137333248
1650034569758875648
1650035206722818049
1650035471324520448
1650035538185932802
1650035610986631170
1650035974611812354
1650036176080756739
1650037054645088258
1650037414855864322
1650037414855864322
1650037439505768449
1650037444287385602
1650037539980320770
1650038847873462273
1650038897030623238
1650039163570335744
1650039511059951622
1650039645483270144
1650040118768463873
1650040287383658496
1650040361421611008
1650041353261203456
1650041720732524544
1650041720732524544
1650042324653850624
1650042518937976832
1650042665688334341
1650042825029869569
1650042853777604608
1650043045172350977
1650043068610121730
1650043298789113856
1650044175117611008
1650044286044364803
1650044675078737920
1650045862502858755
1650045911165222912
1650046119169097729
1650046314359451649
1650046626956820480
1650046681310720000
1650046797442629633
1650046802152890369
1650046800131129345
1650046806519152640
1650046812043059200
1650046829076291586
1650046834881052674
1650046841537298433
1650046845454884866
1650047377288441858
1650048066177626113
1650048308713336832
1650048464175153154
1650048514292850688
1650049142431907843
1650049403737055232
1650049529150840832
1650049529150840832
1650049798739836930
1650049861167767552
1650049899176800256
1650050100196962305
1650050725966225409
1650050983655768064
1650051574272606208
1650051635618492416
1650052504132919296
1650052682625761281
1650053144691331072
1650053175817424896
1650053964845416451
1650054065403904001
1650054330148331522
1650054660286291968
1650055481656836096
1650055500136955905
1650055925678440448
1650056005923774464
1650056263848402945
1650056269791731712
1650056399039131648
1650056498607796225
1650056531461943297
1650056720402579457
1650058338485391360
1650058350199988224
1650058781714419714
1650059361639862272
1650059752972472322
1650059814670589953
1650060923502034944
1650061099402686464
1650061545794093056
1650061864850669569
1650061861268619264
1650061871972491264
1650061873801306113
1650061878742089730
1650061899868897280
1650061934018928644
1650061933976989697
1650061944827662336
1650061947541368835
1650062075312365568
1650062348328091649
1650063575258476549
1650063954838683648
1650064428874833920
1650064465147179008
1650064620520972291
1650064665290874888
1650064692784648194
1650065011929235456
1650065161602867200
1650065202581209089
1650065385373290502
1650065478230986752
1650065595990429696
1650065926694264833
1650066009179533312
1650066091257872396
1650066287282798592
1650067349653815296
1650067690164305920
1650067921446612996
1650068277366857729
1650069525700681729
1650069525700681729
1650069525700681729
1650069525700681729
1650069525700681729
1650069525700681729
1650069525700681729
1650069525700681729
1650069525700681729
1650069525700681729
1650069525700681729
1650069525700681729
1650069525700681729
1650069525700681729
1650069605589848064
1650069760741195777
1650070236727574529
1650070644766261248
1650071159734452225
1650071225647898627
1650072040609595392
1650072085681655808
1650072151276306432
1650072272730718216
1650072272730718216
1650072527316590592
1650072594618494978
1650072945153261568
1650073452626300928
1650073575838171136
1650073615088377857
1650074824381804545
1650075246408417282
1650075435861004288
1650075435861004288
1650075435861004288
1650075435861004288
1650075435861004288
1650076869725761537
1650076999828877312
1650077005855989760
1650077005663043584
1650077005352714240
1650077009618386944
1650077014684991494
1650077020506714112
1650077023753084928
1650077032431202304
1650077040085815296
1650077319149629441
1650077731227332608
1650077913784496128
1650078078054412289
1650078383601078273
1650079165843148800
1650079445955276800
1650080441452355586
1650080572793036800
1650080692225601536
1650081184742019072
1650081245567524865
1650081319114665987
1650081481996349440
1650082079701626881
1650082079701626881
1650082079701626881
1650082079701626881
1650082079701626881
1650082392428642305
1650083167150260227
1650083167150260227
1650083167150260227
1650083626569068551
1650084037124403200
1650084095077089281
1650084095077089281
1650084095077089281
1650084236659945474
1650084554303045633
1650085102796283905
1650085240113692673
1650085729400246273
1650086844569190400
1650088044454617088
1650088172980666369
1650088349778993152
1650089082800820224
1650089382752186368
1650089708024741888
1650089749875490822
1650089975260622848
1650090348528517120
1650090509644480512
1650090697327001600
1650091144141762563
1650091943135703041
1650092021883846656
1650092114720456704
1650092122173853697
1650092122115112960
1650092126292570112
1650092133221822470
1650092139253235713
1650092138494054400
1650092136853807106
1650092136409231362
1650092144970072064
1650092159864041474
1650092697691013122
1650093025635319809
1650093035273994241
1650093474371305473
1650093485221969929
1650093543766085633
1650093730345504769
1650094012986974209
1650094249151545347
1650094438037823489
1650094874186719233
1650095360721682432
1650095584550834176
1650095875396345857
1650096058104438784
1650096112286543872
1650096416558133251
1650096544731766784
1650097744831193088
1650097792642080774
1650097815421599746
1650097945327403009
1650098196931047426
1650099018465267712
1650100310008799234
1650100772066009088
1650101110684766208
1650101373969616897
1650101373969616897
1650101552357711874
1650101772369932289
1650101797862666240
1650101949688053761
1650102845352321027
1650102894287282176
1650102955582816257
1650103140900048896
1650104099503849472
1650105965914488832
1650106271436005376
1650106740287893513
1650106818809430019
1650106975814918144
1650107197098008577
1650107205427838977
1650107207843758080
1650107218895749122
1650107234725101570
1650107231948402688
1650107237786845185
1650107237598199809
1650107236130123776
1650107239724621824
1650107274000580608
1650108191030620161
1650108493930569728
1650108990515232772
1650109408045674498
1650109981784514563
1650110159039987713
1650110318654398464
1650110401814601728
1650110767553716225
1650110885204033537
1650111138858934275
1650111539645493250
1650111939148673025
1650111986338865154
1650111998292643843
1650112018517565443
1650112122775371779
1650112136662638592
1650112149472124928
1650112186105098240
1650112215175819267
1650112296251695109
1650112568977924096
1650112568977924096
1650112568977924096
1650112568977924096
1650112995932925954
1650113338238554112
1650113345624653824
1650113348862607360
1650114047449153537
1650114378262298624
1650114491739152386
1650114515177213953
1650114799060287488
1650114808321064961
1650114813173854209
1650115760520298497
1650115986689781760
1650116183624937472
1650117177754759168
1650117378611478530
1650117407237632001
1650117657671221252
1650118041710075904
1650119505715101697
1650119524174241792
1650120565607501829
1650121687508164608
1650121724216721408
1650121758412881921
1650122066773917696
1650122328238436354
1650122334173364228
1650122333875580929
1650122333586092033
1650122337507745792
1650122336488620039
1650122341920243712
1650122341039603712
1650122345137467392
1650122344638083073
1650122626797322244
1650122652634185732
1650122780413775872
1650123161562652672
1650123312041951233
1650123368945840128
1650123368945840128
1650123368945840128
1650123368945840128
1650123368945840128
1650123918152286210
1650124096192016386
1650124453953650691
1650124724222017536
1650124948038352898
1650125204939583488
1650125207372275715
1650125374263574528
1650125374263574528
1650125813264654340
1650126280354873347
1650126853502377985
1650126851807870977
1650127105336786944
1650127770402406401
1650127973440278528
1650128217012060161
1650128543429402624
1650128881297260546
1650129628164689922
1650130098614403074
1650130189765210112
1650130351996682240
1650130389363556352
1650130389363556352
1650130428299210752
1650130428014231552
1650130428299210752
1650131995861696514
1650132831836807168
1650133038695866369
1650133301175132160
1650133535649415170
1650133874913992707
1650133874913992707
1650133882421886977
1650133950059388928
1650134934059642883
1650135600794677248
1650135600794677248
1650135873999212545
1650135992689410048
1650136098754969600
1650136098754969600
1650136098754969600
1650136563144093696
1650136649425199111
1650136726520619008
1650136758502277120
1650136978782928897
1650137089986420737
1650137281687060482
1650137416072589313
1650137413740556289
1650137415040860161
1650137418862043137
1650137426533179393
1650137433151774720
1650137430442344449
1650137434015817730
1650137434670133249
1650137446347157504
1650137442668761088
1650137750220226564
1650137941082009606
1650137973130776578
1650138046317174786
1650138112993943552
1650138121034510338
1650138196779433986
1650139270147964928
1650139404130713601
1650139774231928832
1650139993313083392
1650140026838167552
1650140107670790148
1650140111798165508
1650141783181991937
1650141783181991937
1650142437967560704
1650142707183132674
1650143257894977536
1650144004019716097
1650145052008538114
1650145891737833473
1650145895982198786
1650146585416970240
1650147133524156419
1650147274687762439
1650147547938279424
1650148035303813121
1650148235166531586
1650148490918662145
1650148634854318081
1650148995795222531
1650149022542487553
1650149273416216576
1650149742876282886
1650149870362083329
1650150217692614657
1650150747328200704
1650150877926129673
1650150920599257088
1650151371310596098
1650152119889018881
1650152506184413185
1650152509065904135
1650152513658658816
1650152512702521345
1650152524224114690
1650152529169137664
1650152531367022593
1650152534047330306
1650152539009036289
1650152652049637383
1650153180892733441
1650153193425477633
1650153500519673858
1650153704601837570
1650153940753719297
1650153991177900033
1650154064078856193
1650154093527040000
1650154289359192065
1650154506083004417
1650154954097606659
1650155611634409473
1650155768019054592
1650155775350947840
1650156029240287234
1650156200187793415
1650156328575279107
1650156755773538304
1650157006450221062
1650157392150114304
1650157976118874113
1650158036630077440
1650158041751494661
1650158093928464385
1650158178707951619
1650158178707951619
1650158456903442434
1650158518291296256
1650158787255205888
1650159451918282752
1650159455730802691
1650160087506223105
1650160141289811968
1650160348651986945
1650160681071652866
1650161011775733764
1650161773398327297
1650162426430750721
1650162628583387137
1650162710288519171
1650162710288519171
1650162943928029186
1650163079085170691
1650163232491855873
1650163321889341440
1650163937906761738
1650163988154523649
1650163988154523649
1650164061257228290
1650164371455131648
1650164927166808069
1650165347490701312
1650165921992851456
1650166111831302146
1650166128214433793
1650166140662865920
1650167622414090246
1650167622246313984
1650167628630040576
1650167628432850944
1650167634178998272
1650167636574232577
1650167642672570369
1650167641451970560
1650167642521575434
1650168482934272001
1650168542392713221
1650168638286987270
1650168899097460736
1650168898140925955
1650168899097460736
1650168899097460736
1650168916335812609
1650169128639139840
1650169200688902144
1650169293743575043
1650169637890408448
1650169642323939328
1650169665652400129
1650169681573969920
1650169686418391042
1650169715006816258
1650170169400991744
1650170350410543105
1650170886551379971
1650171153493950465
1650171382918000640
1650171392548130817
1650171412424867841
1650171418523447302
1650171416304664577
1650171421111341057
1650171994934063107
1650172710901653509
1650172778728022016
1650172962639863809
1650172962639863809
1650173196434382849
1650173817157828608
1650173862716530688
1650173862716530688
1650173862716530688
1650174057285820416
1650174414195941379
1650174489974505479
1650175063600029696
1650175142608384001
1650175479175946240
1650175542325571595
1650175833456226304
1650175833456226304
1650175891409113089
1650176209035337728
1650176374101950464
1650176620236251136
1650176631112187904
1650176823186038784
1650177126560333824
1650177171225231362
1650177858931654656
1650178200746733570
1650178402790375424
1650178785990377473
1650178827488841730
1650178827488841730
1650180105396789249
1650181299267674112
1650181862273470464
1650182049461051392
1650182700215545857
1650182706402152449
1650182709308796933
1650182708612440064
1650182719907790848
1650182717445734400
1650182723212804097
1650182728321581064
1650182734583570432
1650182739319230465
1650182946819567622
1650183257940475907
1650183839933939712
1650184055097262080
1650184688508583936
1650185017975271425
1650185305347981313
1650185380719648768
1650185964143230977
1650185980463181825
1650186261334749185
1650186261334749185
1650186261334749185
1650186284093132800
1650187297147502595
1650187649603207172
1650187668188168192
1650187804243116033
1650187867421802496
1650188065455865860
1650188306477465600
1650188717573677056
1650189127281672194
1650189171930157058
1650189363567837185
1650189733920665603
1650189787704221702
1650189961331720192
1650190237061251073
1650190509229457408
1650190600065433602
1650190794916085763
1650190954320543745
1650191231610134531
1650191551971172356
1650191653842345988
1650192029773623301
1650192072656265216
1650192084249489409
1650192089110532101
1650192330471747590
1650192446981062659
1650192895243157504
1650193426942513155
1650193827779452931
1650193871979139079
1650193918783266817
1650194110400086016
1650194148530462732
1650194260359094274
1650194507508375552
1650194731664646146
1650194761553158144
1650194790766596099
1650194790766596099
1650195155373228035
1650195156031754240
1650195221366423553
1650195585381683201
1650195618499895298
1650196177143431169
1650196177143431169
1650196387735171076
1650197300923301891
1650197670806396928
1650197670806396928
1650197670806396928
1650197670806396928
1650197670806396928
1650197766847574022
1650197804705370118
1650197810082398208
1650197811722440705
1650197818341044224
1650197816944238614
1650197820354478080
1650197820110979072
1650197829644591109
1650197839375478786
1650197843297091586
1650197847747223552
1650197924213579783
1650199033389158400
1650199325585154049
1650199614295879683
1650199780524425216
1650199876339113991
1650199940113608705
1650200148675379200
1650200537416040455
1650200807902412808
1650201778305085440
1650201778305085440
1650201778305085440
1650202117351645186
1650202739752726530
1650202939615477760
1650203015452737537
1650203323901833217
1650203552885645312
1650203987763757056
1650204193532047361
1650204309064122372
1650204613310660609
1650204620168351744
1650204674882957312
1650206147675295744
1650206586218897409
1650206742029176832
1650206742003712000
1650207260352626690
1650207288076926977
1650207658870226948
1650207658870226948
1650207658870226948
1650207658870226948
1650207658870226948
1650207658870226948
1650207658870226948
1650207658870226948
1650207658870226948
1650207688704360449
1650208674730704900
1650208674747482114
1650208783493201920
1650208918302494720
1650209030743248897
1650209111533928448
1650209410390654978
1650209538442657793
1650209977015980032
1650210142925799426
1650210357867081728
1650210618073292806
1650211107619889153
1650211394493489155
1650212140056281088
1650212484022964224
1650212914001768451
1650212924525510657
1650212926475714560
1650212925166985218
1650212928535031813
1650212927729963008
1650212935149518851
1650212934537101313
1650212938484006912
1650212940656541697
1650212971312717827
1650213082394681346
1650213572264206338
1650213673988759552
1650214205281239046
1650214825853607938
1650215001159000064
1650215001159000064
1650215001159000064
1650215001159000064
1650215001159000064
1650215001159000064
1650215001159000064
1650215001159000064
1650215001159000064
1650215001159000064
1650215001159000064
1650215001159000064
1650215012349235200
1650215061317885957
1650215074303455232
1650215079626035200
1650215079626035200
1650215079626035200
1650215336342433793
1650215566928379904
1650215713079201794
1650215931577270273
1650215932936044545
1650217181248880641
1650217284823023616
1650217445863424004
1650217733647368192
1650217836562743297
1650217916468539392
1650218008353075201
1650218039353171968
1650218271017259009
1650219862210523136
1650219996826705920
1650220080947671040
1650221142618013699
1650221412760559616
1650221412760559616
1650221412760559616
1650221412760559616
1650221501294219264
1650221931696644099
1650223450458320896
1650223484272869376
1650223564639928320
1650223603168825344
1650224043029839872
1650224128312344576
1650225869858775046
1650225869858775046
1650226030869708804
1650226195865407489
1650226778001244160
1650227070524444672
1650227722478669826
1650227998660915200
1650228001802539010
1650228008496537605
1650228011382317060
1650228020672864256
1650228019879919619
1650228022765813760
1650228037265268737
1650228036518780937
1650228090721665024
1650228318585647104
1650228769091645440
1650229040962215936
1650229667167600644
1650229675002609664
1650230004247318534
1650230144869474304
1650230309814693895
1650230786858139653
1650230884560252928
1650230896509763586
1650231151364120576
1650231572619042819
1650231660149915648
1650231871182106627
1650231953352712195
1650232126464225288
1650232284241358849
1650232479180046339
1650232560918691844
1650233672774172674
1650233908947042304
1650234015738392577
1650234093198606336
1650234205446582274
1650235344690790403
1650235586345664522
1650236336484519936
1650236340254957569
1650236699442552832
1650237273311522817
1650237323232026624
1650237325169836035
1650237327061532673
1650237549238013953
1650237647372050432
1650237666368126980
1650237696458072068
1650237783502405644
1650238082963177475
1650238135924654081
1650239082134396929
1650240057075220491
1650241017944104961
1650241163067047939
1650242080071876613
1650242365582454785
1650242702154366976
1650243120854966273
1650243118187290624
1650243125967716352
1650243125040885760
1650243123921014784
1650243130279559169
1650243129440608257
1650243142782795783
1650243139364421638
1650243166082334720
1650243267752067073
1650243349226442752
1650243647353520130
1650243775866761218
1650244732943998980
1650246652186304512
1650246701389688833
1650246881824391168
1650246964745760769
1650247118399889409
1650247311279226881
1650247542091776003
1650247930635321344
1650248534015213569
1650248980767358979
1650249191032074240
1650249245935513600
1650249420133531648
1650249450323947527
1650249536164569091
1650250575785734147
1650251465498451969
1650251611598381056
1650251815005433856
1650251815005433856
1650251935088508928
1650252144832925696
1650252874859806728
1650253284928638978
1650253329140776966
1650256013105283073
1650256369986023430
1650256369986023430
1650256369986023430
1650256369986023430
1650256369986023430
1650256369986023430
1650256369986023430
1650256369986023430
1650256369986023430
1650256369986023430
1650256369986023430
1650256369986023430
1650256369986023430
1650256369986023430
1650256369986023430
1650256369986023430
1650256369986023430
1650256369986023430
1650256986284457986
1650257392943222785
1650257392943222785
1650257590130024448
1650257848612315136
1650258107379982341
1650258107379982341
1650258107379982341
1650258208588529664
1650258218814418944
1650258219040636928
1650258220923928576
1650258222668980225
1650258229308342272
1650258228016455680
1650258230268813312
1650258239370534913
1650258240272228352
1650258418408599553
1650258672608587777
1650258912057212929
1650259000922091521
1650259106333175808
1650259146120261640
1650259233773076481
1650259259551019009
1650260349482856454
1650261307097063425
1650261455667642371
1650261570054701058
1650263357914505219
1650263453469138947
1650263613360291840
1650264477156139008
1650264542130348032
1650265082599710721
1650265161037668352
1650265829152366593
1650265829152366593
1650265829152366593
1650265829152366593
1650265829152366593
1650265829152366593
1650265829152366593
1650265829152366593
1650265829152366593
1650265829152366593
1650265829152366593
1650265829152366593
1650265829152366593
1650265829152366593
1650265829152366593
1650267118892449793
1650267585462558720
1650268294509625344
1650268816335667201
1650269735756390406
1650270598679896065
1650271583838126082
1650272938011275264
1650273116357115905
1650273267368820738
1650273281969119232
1650273285119016961
1650273289976049666
1650273291808940032
1650273298293608448
1650273297802702848
1650273311455346688
1650273314747629571
1650273340693655553
1650273347870261248
1650273347870261248
1650273347870261248
1650273347870261248
1650273347870261248
1650274104661123072
1650275228281606144
1650275526249168896
1650275980403941379
1650276277985632256
1650278557120098306
1650279778950479872
1650280755887734785
1650281355106721794
1650281690559057920
1650282569227812865
1650284284740001793
1650284532082278402
1650284808692531201
1650286137536319488
1650287787017662464
1650288377722294272
1650288384554815490
1650288387096555520
1650288394575003650
1650288397963993101
1650288417538801667
1650288420902653957
1650288420663570433
1650288430692147201
1650288429605834752
1650288440628609024
