1644853126636138497
1644855336094818307
1644855511798431745
1644856106982703104
1644861192232394754
1644861274918998016
1644862144469499904
1644863313459699714
1644864598925795331
1644867698948448262
1644867707991384064
1644867708226514947
1644867717923569666
1644867720775888896
1644868447078338560
1644869047320715265
1644871629711847429
1644871656341401601
1644876281715253249
1644876547457961986
1644882778218012672
1644882780814180352
1644882797318881286
1644882801781514244
1644882802825912321
1644882806911410176
1644882806009647108
1644890679825543170
1644890845311582209
1644890845311582209
1644891341069987843
1644891626869862400
1644892185161072640
1644892230459576325
1644892938164486144
1644893530937065474
1644897835576328195
1644897842182635521
1644897843642003456
1644897858959683590
1644897876504453122
1644897896972574722
1644897909165441024
1644897921970880512
1644897921144438784
1644904027824742400
1644908051114373120
1644912965081243648
1644912971091521536
1644912976963702785
1644913012220755969
1644913014418571270
1644919980553641986
1644922444484886528
1644923723885977600
1644925252659556353
1644927531995234304
1644928071634386944
1644928078194388993
1644928076554416128
1644928084662009857
1644928092224233472
1644928095231590400
1644928100403408898
1644928105092358144
1644928115901181953
1644928119357464576
1644930948700463107
1644931257086750720
1644933797186531328
1644934246199623680
1644937483925479425
1644939710564016128
1644940379504926720
1644942287552540672
1644943167761047555
1644943176405221376
1644943176115863552
1644943181904248834
1644943189873180672
1644943193686048768
1644943199876554752
1644943220235976706
1644943218977685504
1644947208419016704
1644947899812392961
1644950963608797189
1644951983462162432
1644956363146108928
1644958133125627904
1644958260028424192
1644958264663199744
1644958264080171009
1644958291749924864
1644958298322489348
1644958297655500802
1644958304588771328
1644958318853496832
1644958318665011201
1644964659743670272
1644965907280568320
1644971077053947906
1644971816803262464
1644973374664482816
1644973388933341185
1644973402342543360
1644973400287330304
1644973408130592768
1644973408575168513
1644973413222723584
1644973412022992898
1644973429198671874
1644973923942170627
1644974569026129920
1644974749418659840
1644975100406497281
1644978617120866304
1644978926542888960
1644979048613916674
1644979070466158592
1644982022652272640
1644983589149499396
1644984746160848896
1644986611732561921
1644987097676148736
1644987480742002689
1644988447579414528
1644988448187580418
1644988457461202944
1644988480550760449
1644988478071926784
1644988497734823936
1644988494371061760
1644988515154038785
1644988529171132416
1644989303997472769
1644991254252404737
1644991798459154433
1644993206176694272
1644993492249202688
1644996306887114752
1644997210004652033
1645000162014625792
1645002783676825600
1645003035167318021
1645003388071948289
1645003569257492480
1645003576270356481
1645003579244130311
1645003586592489473
1645003590191427584
1645003589767553024
1645003597300596743
1645003608155643904
1645003610592247809
1645004592214691840
1645007342277128192
1645011714130300929
1645015260506488832
1645015401485533184
1645018645251096577
1645018644127051777
1645018644093755392
1645018676280852487
1645018699437334534
1645018708744495104
1645018707519733762
1645018711550558209
1645018714679525377
1645019045589143553
1645020530305556480
1645023062155247618
1645024400968654849
1645026321683169281
1645030294360055810
1645033779373965312
1645033782431424514
1645033787149934594
1645033798193561601
1645033797853782018
1645033804417859584
1645033807261626370
1645033808750686211
1645033811539816448
1645033809207873536
1645033893152669696
1645037701618434049
1645040614130720769
1645042466759004163
1645043365640110080
1645045508145070083
1645045908734656515
1645046537867673601
1645048640409313280
1645048876209172480
1645048876767023104
1645048888749858816
1645048892705189888
1645048899474735105
1645048898786828290
1645048902066794496
1645048905770455041
1645048914901446656
1645050019274170368
1645050966431916032
1645054764667863042
1645054809815519233
1645057104212795398
1645060598240014338
1645061776055099392
1645062717596741632
1645063170778705921
1645063992749219841
1645063999120367617
1645063996221816832
1645064000034467843
1645063999740887040
1645064004400816131
1645064008922275842
1645064016186712065
1645064012990914560
1645066987582758913
1645068238559105029
1645070396226691073
1645071002723061761
1645071283506257921
1645072966252634114
1645073071991144449
1645076397054885888
1645078921107439619
1645079078989443072
1645079089777197056
1645079090834157573
1645079096794181636
1645079102636843009
1645079100149710848
1645079111121895431
1645079115492368384
1645079113546211328
1645079125713993730
1645079188313915397
1645081063230783491
1645082710707261440
1645082977091592193
1645082991629152257
1645084524785590274
1645084524785590274
1645085459381460992
1645086353405669377
1645088598687924224
1645089359245332480
1645091951673331714
1645092138554646528
1645093501867008004
1645094154270064645
1645094168857812993
1645094166710321156
1645094169768075266
1645094174515949571
1645094191574274049
1645094195965599746
1645094195772751872
1645094213418139648
1645094219391053829
1645094224503664646
1645094224503664646
1645095778694873089
1645098399182512132
1645100330261139460
1645100365539311619
1645100656280174594
1645102153772531712
1645102420035346435
1645103881557352449
1645105524755648514
1645106848100503553
1645107573618532355
1645109272836014080
1645109274983514117
1645109279534338049
1645109283686608896
1645109294361198593
1645109298991620096
1645109304330944521
1645109302967894019
1645109335998038019
1645109971028262912
1645111206603104263
1645111891826548737
1645113089694609408
1645113647193026561
1645117240029872129
1645118048343408640
1645120160225697792
1645120997983412225
1645121393988706307
1645124264662638592
1645124388876853251
1645124387123740674
1645124389434716161
1645124393914253312
1645124405217951746
1645124403443777537
1645124543348981765
1645129990055313410
1645130740911202304
1645132595447857153
1645133040799354880
1645133308710330368
1645135296873332742
1645138273486905346
1645139470428037121
1645139498739662851
1645139504280264707
1645139503906971650
1645139505597366276
1645139511553171457
1645139509829414914
1645140838207348737
1645142244712751104
1645142598368075776
1645142700226740225
1645144953939435522
1645148048413057032
1645148126792101893
1645148701151711234
1645148701151711234
1645151712200605704
1645151712200605704
1645152541582163968
1645154198357524480
1645154568190173190
1645154579309289473
1645154583428354049
1645154580777390082
1645154604240232453
1645154608031965184
1645154607381741568
1645154607285383171
1645154605557329922
1645154612318535683
1645155064674402305
1645155614790696962
1645156874818289671
1645156885039923200
1645157794515918849
1645162164846567424
1645162546809417728
1645162546809417728
1645162899449561088
1645163440753745923
1645167557752782849
1645169682549288962
1645169687548887043
1645169687120969728
1645169686319906818
1645169694880550914
1645169692506562560
1645169706494468097
1645169706712662017
1645169709384450052
1645169909985341441
1645170512098652165
1645171516890402818
1645175067905601536
1645175444768010247
1645175444768010247
1645177270078783488
1645177354300317696
1645177840017498112
1645178186886463493
1645179309726871552
1645179309726871552
1645184159848050688
1645184763563503624
1645184772023681024
1645184781557145600
1645184791229132906
1645184792198098945
1645184801731670016
1645184800574296067
1645184911094042628
1645185049220857858
1645186022479912961
1645186063223193600
1645187044094648323
1645188315480752129
1645190634846683136
1645191127467716609
1645193344014860289
1645199734192197636
1645199862260957184
1645199881974292482
1645199879075930113
1645199890211827712
1645199899879784449
1645199903830732801
1645199911510499330
1645200272400973826
1645201687622082560
1645204536280195072
1645207151026249729
1645209940905058304
1645210508260438017
1645214954834853888
1645214962602713093
1645214967648362496
1645214981258870786
1645214979249827840
1645214985956757504
1645214992013180930
1645215006760267781
