1611156447798218753
1611156739050844160
1611157464275197952
1611158102891499522
1611161813063962625
1611165611538759680
1611165615481360384
1611165618803281922
1611165626948542467
1611165628869517313
1611165637052870657
1611165640030621696
1611165650617262080
1611165649065373697
1611170868603883522
1611173652526948357
1611175930529214465
1611180639427895298
1611180672097611776
1611180681027112960
1611180686798372866
1611180724987768835
1611180730318729219
1611180734815047681
1611180738539290624
1611181715816583169
1611186237511184384
1611195812725362691
1611195809391071235
1611195814675730433
1611195817142124546
1611195828949090304
1611195827464060928
1611195825845051392
1611195836888715265
1611195845969428480
1611195844799401984
1611196287122116609
1611196818200592385
1611197859432640515
1611203540982145027
1611204085008535552
1611205088978272259
1611205494219370497
1611205987800694784
1611206499870691328
1611209896720236544
1611210858679369730
1611210868317978625
1611210886638600192
1611210911150399489
1611210910604967939
1611210929546330112
1611210943052251136
1611210942783660035
1611211225119199234
1611212861472403457
1611220122886344704
1611225958559920128
1611225964582961152
1611225974397624322
1611225984392630272
1611225994630684673
1611226002738511874
1611225999886237697
1611225999538020352
1611226016826941440
1611226021034078209
1611228476471902208
1611234124307615744
1611234653033369600
1611238589806907393
1611240373023813633
1611241104577380352
1611241111900811264
1611241126899351553
1611241125792071680
1611241124546629632
1611241129080459265
1611241132679385089
1611241137326678018
1611241142447935491
1611243800705355776
1611244570876203008
1611249723280596993
1611250649991200769
1611252118899552259
1611254663357005824
1611255783609536513
1611256205875478529
1611256209948151809
1611256213496283136
1611256217975808001
1611256217615364098
1611256231267647488
1611256231284424711
1611256238020624384
1611263351429931008
1611264514879787010
1611268248208646144
1611268891363409921
1611269310663593989
1611271321199202305
1611271334205571074
1611271332309917696
1611271338400055297
1611271343714041856
1611271343344963587
1611271342229434370
1611271340304257024
1611271339666542592
1611272115763699718
1611272866393194496
1611276163955183618
1611277490902671360
1611280854210207747
1611282324142034946
1611284692854267905
1611285086611054598
1611286407380889600
1611286406005153798
1611286421800632322
1611286419909091332
1611286424082579458
1611286428864118788
1611286428402569216
1611286434870353921
1611286440087851008
1611286446286987268
1611289610860040192
1611292324109160449
1611293829906452480
1611296953404657666
1611297438387638273
1611297570382565377
1611299926981345281
1611300500225560576
1611300830602481664
1611301525326041089
1611301526462697473
1611301526328463360
1611301530681974787
1611301534523969537
1611301542346330113
1611301546708422658
1611301545487769600
1611301544602861568
1611301585602367488
1611302139808124928
1611307041502511104
1611307117612306432
1611307974441549824
1611312443678158849
1611312869811040256
1611313205644517377
1611313247885336576
1611314543128346625
1611315026496983040
1611315597840715776
1611315848144101376
1611316499519619075
1611316612220743682
1611316610442362883
1611316609708359680
1611316623759245316
1611316623616401408
1611316623096307717
1611316629140283392
1611316626502066179
1611316637122138112
1611316643442950144
1611317011941920771
1611317899184021504
1611319802735255552
1611321418054238210
1611323233982189568
1611324000268947459
1611324819538067456
1611327666572992512
1611329338212843520
1611329477627215875
1611331247422279681
1611331716354035715
1611331715422912513
1611331714143473665
1611331719294066688
1611331721567297537
1611331725082398720
1611331738520768512
1611331738176991233
1611331743344386048
1611331743218544645
1611333551894532102
1611335392380207107
1611339422406000640
1611342574417248258
1611345077871284227
1611346304067637251
1611346824413020163
1611346825797050369
1611346832822509568
1611346833514631168
1611346837058818048
1611346838786899969
1611346844361101312
1611346842528120836
1611357038898024448
1611358187319611392
1611361919595675650
1611361924033413125
1611361931138420736
1611361930534596608
1611361933118115840
1611361938730110978
1611361937757032450
1611361944698761222
1611361944358862849
1611361941959675905
1611362819773181955
1611367144314503168
1611368298637307905
1611368309420658688
1611369787204009984
1611370644851286017
1611371766777278465
1611372211826458632
1611373235819388928
1611377009669865474
1611377017668403202
1611377016187621384
1611377021325840385
1611377027554099201
1611377024035164160
1611377029466701826
1611377029009506304
1611377028619534338
1611377027923279877
1611380669405614082
1611383253197545473
1611386365006024704
1611387943331020800
1611388295740547073
1611390903611965440
1611391844151066624
1611391994433269761
1611392103807852544
1611392113547120644
1611392122711670784
1611392121877168128
1611392135533678594
1611392137693626369
1611392140877385728
1611392140852039680
1611392142777241603
1611392276411949058
1611392278244868096
1611395628021547008
1611396692636491777
1611402675127726080
1611403478043328512
1611404708023001088
1611406035415187456
1611407232016519169
1611407231982911511
1611407231060164640
1611407237464952832
1611407235187359764
1611407236018089984
1611407239201308683
1611407241810165785
1611407240472182784
1611407240082370560
1611412779818172437
1611412856473272354
1611419476578422784
1611420443700826114
1611421074209792003
1611421623403565056
1611422069656354817
1611422312880041984
1611422317560664072
1611422321612591105
1611422325974474753
1611422329694785549
1611422331766771713
1611422338188181505
1611422342634405889
1611424595973750784
1611424832905781249
1611426046280368128
1611426953352908810
1611427657798885376
1611429029642469379
1611429077805678592
1611431813536428032
1611431935963762692
1611434009401393152
1611434932219351056
1611436932893970444
1611437404505706498
1611437400709861398
1611437401481613331
1611437408024948736
1611437405835505664
1611437412986589193
1611437414005805065
1611437420612059137
1611437436684455937
1611440174428262405
1611446879925186560
1611450699627241479
1611451282656751616
1611451474684350465
1611451741094174720
1611452226886574094
1611452515781935104
1611452517929418753
1611452517686059009
1611452524070076417
1611452529329438722
1611452527333212160
1611452535965089792
1611452540415082496
1611452540121391112
1611453512336150532
1611453807388495872
1611457214224683009
1611460039474307072
1611461047898017792
1611463121381765120
1611467619625848847
1611467622788534272
1611467622255677449
1611467621169508352
1611467621165158407
1611467628744265750
1611467628303863811
1611467627712634880
1611467631952908292
1611467638391164933
1611468136817266688
1611468235798622208
1611468310494826522
1611468318912950274
1611471902291234818
1611472189211172870
1611472238779432961
1611472245658112000
1611472549979856896
1611472921423409152
1611475051357917201
1611476884738527239
1611477165740281856
1611479098185994251
1611479166179745793
1611480726972825601
1611480856551632897
1611482406854316053
1611482711402729483
1611482710119272472
1611482719074099200
1611482717790654502
1611482716083572758
1611482721347424273
1611482722119163904
1611482730164031488
1611482738686677009
1611482737742958608
1611482901614415882
1611485687609544730
1611486695433687041
1611495046993387520
1611496834974752770
1611497757772075008
1611497768052211712
1611497770245935105
1611497774943698945
1611497778311462914
1611497783810203648
1611497792853217280
1611497798196764672
1611497824444612610
1611505766887993345
1611507409142390788
1611511543862071302
1611512866489892864
1611512873972375553
1611512882092544002
1611512881341779969
1611512888304496642
1611512888258076672
1611512926929838080
1611512926564913153
1611512929806962689
1611512927835545600
