1611884096581505024
1611890342080483330
1611890351559610368
1611890349072388097
1611890348531351553
1611890378348584960
1611890382383747072
1611890391263121408
1611890394224275456
1611890408136622080
1611890423164768256
1611891219113865218
1611899577266741249
1611900481508442118
1611900562664230915
1611905467223080960
1611905467432812546
1611905481072873473
1611905493488013312
1611905503889707013
1611905516464230400
1611913203381837824
1611917348667260929
1611918906427428864
1611920504545480712
1611920528943595521
1611920531250450433
1611920566965137408
1611920565832486914
1611920574137368576
1611920611374145543
1611920611248427015
1611920620538798082
1611923439723622401
1611924366484201473
1611925627745062913
1611930097405276168
1611935622188634112
1611935625560850434
1611935639276077056
1611935641910251520
1611935663087034368
1611935667365232641
1611935673220472832
1611935678006456323
1611935690543226881
1611935710495260674
1611950747297656832
1611950766209781760
1611950763047063553
1611950777177886720
1611950786187038720
1611950789010034689
1611950799281860611
1611950811185311744
1611950808739766272
1611950824254771200
1611952214309994496
1611954097636401152
1611963086029586433
1611965842505203714
1611965847177932806
1611965856397021187
1611965861421805568
1611965857747419136
1611965885538787329
1611965916559953920
1611965923107143680
1611965921802813440
1611971348380930048
1611973134105841667
1611973727104761857
1611977982922334209
1611980904527798272
1611980952988749824
1611980975776632832
1611980975755628544
1611980974006439937
1611980979115290626
1611981002473181186
1611981002368335872
1611980999176474625
1611981003752448001
1611981016922738690
1611981152784465921
1611981804067557380
1611989357744852992
1611989942997250049
1611996094115860483
1611996091687505921
1611996096666140673
1611996110020648962
1611996107718160385
1611996108695408643
1611996119478972416
1611996116848885760
1611996123404591105
1611996121706139649
1612006150869753856
1612006404172447744
1612008188299157504
1612008806841475075
1612010400324751361
1612010957370179586
1612011188346306560
1612011189327859793
1612011197355655169
1612011195640475654
1612011194092601346
1612011198576222208
1612011202770599944
1612011209397764098
1612011217387913217
1612011349940240386
1612012370523750401
1612018776425332736
1612020102097928193
1612022253012635648
1612023948664864769
1612024808560283651
1612025605268307968
1612026297043275778
1612026301308866560
1612026299522093056
1612026301233385472
1612026300209709057
1612026302844006402
1612026305192800256
1612026316693598214
1612026315007471616
1612026321042915328
1612030700777078789
1612031208854003712
1612032457288581120
1612033317037023232
1612037514751086598
1612037619285692422
1612037813419257863
1612039241936125953
1612041405702062081
1612041411700084742
1612041416896569345
1612041417228009473
1612041421103501314
1612041420390424576
1612041419220287490
1612041419186753542
1612041419996143616
1612044138953711617
1612050221587914753
1612051541753581570
1612052841778085888
1612056195853946881
1612056483478310914
1612056484262842370
1612056488914075650
1612056496195387394
1612056495151095809
1612056493523615744
1612056498359922690
1612056508006629376
1612059043123568640
1612059337635106817
1612059630867283969
1612066205610741760
1612066515817463814
1612067320033345536
1612067610241163265
1612067716591927297
1612068970047340544
1612069094450249728
1612071033204346880
1612071580166766592
1612071603948355584
1612071612009816065
1612071611837857793
1612071611523366912
1612071612458885122
1612071614966890497
1612071614727733248
1612071616023871489
1612071614794833927
1612071617219416065
1612072095655108609
1612073967468294145
1612074611516006408
1612078039369764868
1612078735490187266
1612083121482248193
1612086677480038400
1612086682270195713
1612086681355575297
1612086680537661442
1612086691405221891
1612086703728267266
1612086707310194689
1612086705741508608
1612086710610837507
1612088148133089282
1612088719787413505
1612092478231904256
1612094987331686400
1612095984783458306
1612101793684815872
1612101797430104064
1612101797388115970
1612101803268608002
1612101800324173824
1612101811120345092
1612101812798066690
1612101812655382528
1612101818447708164
1612105815342698497
1612105940441915395
1612105942707109890
1612105958238605312
1612106148340957185
1612107239770451970
1612107789182160898
1612108775493615616
1612108782561275906
1612109018402623490
1612109773243039746
1612112903372476416
1612113260932726786
1612116874636177408
1612116878033408000
1612116883108663298
1612116891832647681
1612116896509304836
1612116894726721537
1612116895716573191
1612116902704447490
1612116905002926080
1612116910425915392
1612121537427148805
1612125113876418567
1612127326086795265
1612127918104125440
1612129357065068548
1612129947761401858
1612131992748888065
1612131991737999361
1612131994946703362
1612132001376571398
1612132001141637122
1612132005965176832
1612132009421275142
1612132013556862976
1612132014479790080
1612132026487816193
1612132631264563203
1612132940523134976
1612141944628453382
1612143963070423040
1612146082091536385
1612147104620634112
1612147109284950016
1612147107577663488
1612147106772385798
1612147113059557378
1612147110702374912
1612147112707244036
1612147116750823424
1612147116406894593
1612147115945529344
1612147188343119874
1612147719761453065
1612148561172471808
1612148623604588544
1612153540880785408
1612156691671310336
1612157719665934337
1612157719665934337
1612160248051122178
1612161075180457992
1612162175988289537
1612162180442460167
1612162181662998534
1612162187094593537
1612162193444982785
1612162208846286849
1612162210666582017
1612162210070937600
1612162217243299840
1612163099485773828
1612163132079886336
1612164911408226306
1612169185550913548
1612169753358901248
1612171882555400195
1612173620167458819
1612173936795467780
1612176153728487424
1612176182887288834
1612176754986074113
1612177285691457537
1612177284504645632
1612177284454125570
1612177290670247936
1612177297523474432
1612177303139946496
1612177301835321345
1612177307522703361
1612177307224907781
1612177306038202369
1612177529627938818
1612178974771236866
1612179255189725189
1612181238273515521
1612181797789392896
1612184385549123585
1612188638997004288
1612192397911261186
1612192402248454144
1612192401811980290
1612192407579406337
1612192407335878658
1612192404920049665
1612192411266023428
1612192410141876224
1612192413581180938
1612194724432969729
1612194765117992960
1612196601690218497
1612196872227102720
1612201610230243329
1612202743829270528
1612203717436084225
1612205304820781058
1612207494532669440
1612207492326461442
1612207503432974336
1612207502476873728
1612207501851922438
1612207500840865793
1612207511821746176
1612207510542495744
1612207509208440833
1612207515457970181
1612209672865599488
1612219025932566543
1612220271171350528
1612222359687118848
1612222491279122435
1612222573164593152
1612222571520593920
1612222578441043970
1612222586557194240
1612222583612522496
1612222589572681730
1612222598586286083
1612222598514966528
1612222597361553409
1612224579619139584
1612233488907833345
1612237668988948481
1612237677654310912
1612237685971615745
1612237689922650113
1612237686504300544
1612237694524067841
1612237700051910660
1612237706393681921
1612237704795947009
