1614413143781920769
1614416807087214592
1614424807826948096
1614427032506482689
1614427082368458753
1614427092531417089
1614427103448948739
1614427102312562688
1614427106339090433
1614427131886592000
1614427129835577344
1614427141956898816
1614427141864849408
1614435645887287296
1614441328783523841
1614442201173614592
1614442201001644034
1614442202205196289
1614442204252246017
1614442206567501825
1614442225014026241
1614442232450322432
1614451152019673088
1614456920341086208
1614457280832872450
1614457288806236160
1614457293189566464
1614457300034404353
1614457306665684993
1614457317226840064
1614457327255711744
1614457331856572416
1614457595657605120
1614459099663716352
1614468387337371648
1614472386945884160
1614472401823088642
1614472399000580096
1614472400749355008
1614472415349989376
1614472411608481792
1614472425512570880
1614472431573569542
1614472438586265601
1614472437189738497
1614481438904291330
1614486334474801152
1614487492585230336
1614487507764219904
1614487512541548544
1614487527691272192
1614487525028171776
1614487530119774209
1614487538684825610
1614487536864481280
1614498518693027840
1614502545912741888
1614502575285633027
1614502574820032512
1614502586920443904
1614502595980296194
1614502594872999937
1614502613654933509
1614502616276533249
1614502627760562176
1614502638342787073
1614502704629399564
1614502842466721795
1614503923372679169
1614504691114582017
1614506472171507714
1614506929665249280
1614513468840837121
1614517362568347648
1614517716030824448
1614517716827901953
1614517721558835201
1614517721357750272
1614517720275361792
1614517726663561219
1614517723777871873
1614517729016381441
1614517728940888067
1614517732275257344
1614520028715433984
1614520190842142727
1614521151492866050
1614521180551106562
1614521395291070464
1614526817364230145
1614531854161289220
1614532810609500160
1614532812866215936
1614532815357362182
1614532821925634048
1614532825486589952
1614532824060596225
1614532834508644352
1614532833560739842
1614532838035972097
1614533690758930432
1614533977674551297
1614534841193889792
1614536381790920705
1614538159873728512
1614538774041559041
1614539774605529089
1614543336148287488
1614545377163890689
1614547916567498753
1614547920090726401
1614547925518147585
1614547921680097280
1614547928181346304
1614547931486457857
1614547932597944320
1614547937870385153
1614547937287196672
1614547936154685440
1614550103561224192
1614551588156088320
1614555866639785984
1614557163564814336
1614557663928651777
1614557672094810113
1614560307191623681
1614560975939842049
1614562527014453250
1614562695503650817
1614563024131723265
1614563023779430401
1614563024991584258
1614563025989652481
1614563032452972545
1614563031542898689
1614563030901170176
1614563034340495361
1614563033879117825
1614563430480113664
1614563956055543811
1614564068341284864
1614564848351776773
1614568323500462081
1614575244248752129
1614578114725838849
1614578121357021186
1614578128252174336
1614578127061282816
1614578126201434114
1614578130294800384
1614578135235788802
1614578133369249792
1614579306830913536
1614580752254963718
1614581363365277699
1614581973116243968
1614585823189692420
1614586058221490178
1614586487130972160
1614590557996683265
1614591472250019841
1614592192353378307
1614592194727530497
1614592198976184321
1614592197025751040
1614592203111780355
1614592201043988480
1614592205066313735
1614592207507398656
1614592209570889732
1614593213142274048
1614593212919726080
1614593217810530312
1614593216556273664
1614593220394250243
1614593228187275269
1614593226509545475
1614593225032929280
1614593232293302272
1614596848567881730
1614597058895253505
1614599327867101185
1614604325921214466
1614604399317319680
1614605412313055233
1614606921201324032
1614606921134137346
1614608301920260099
1614608306168893441
1614608310573109253
1614608319032819717
1614608318319955968
1614608315799207936
1614608317330108417
1614608323050872833
1614608325660004352
1614608324099727362
1614614275607199744
1614617657189220357
1614618119091425283
1614621417936404482
1614622103680200704
1614623196082311170
1614623414404235264
1614623418820837379
1614623421211770880
1614623425863233537
1614623425313574913
1614623425191886851
1614623431471026178
1614623430229520384
1614623427482075136
1614623435581177856
1614626379919654913
1614626512430317568
1614629275961012224
1614630808618426368
1614636521436418048
1614637920455110656
1614638424824352769
1614638516117331968
1614638518340583426
1614638515102294016
1614638519007449091
1614638518625599488
1614638526305271808
1614638525684617216
1614638529509838854
1614638535146979328
1614638537088942080
1614644809251131393
1614646312049287171
1614649971818782720
1614651492488839170
1614652188898238471
1614652271983304707
1614652570508689408
1614652795709231105
1614653120558120960
1614653617155497990
1614653619982270468
1614653620783284227
1614653625464197122
1614653629243478016
1614653634385678336
1614653630631772161
1614653632611323906
1614653659995840512
1614656892210450433
1614662263323111425
1614665599115841537
1614667832352018432
1614668714611179522
1614668713642397698
1614668721628258304
1614668721573842944
1614668725713764353
1614668725256339460
1614668732038520832
1614668731321356288
1614669285540106241
1614670554040074244
1614673519941484544
1614680747280896002
1614683821060030464
1614683820892258304
1614683824595542023
1614683824150937600
1614683822011940868
1614683828970299392
1614683828102090752
1614683832954781697
1614683830681485320
1614685600732569600
1614695155604267009
1614697043250888704
1614698906209714176
1614698909242216458
1614698908814385152
1614698920575205379
1614698919933485057
1614698917060280321
1614698922596786181
1614698922013777920
1614698920831221760
1614699437871210498
1614699438030594052
1614699563859705857
1614699736526737411
1614700058598940680
1614700127440244736
1614705634133278720
1614707512753917952
1614708600756109312
1614709897592971264
1614711496625295362
1614712184256200704
1614712395263361025
1614712909069787139
1614714010150264832
1614714011672793088
1614714008522690560
1614714016982790144
1614714024272482304
1614714024263917568
1614714023442018304
1614714022573506564
1614714026059272192
1614714032081993728
1614714031620886529
1614714071894614016
1614714166123577345
1614715421889789952
1614716956916989953
1614718406560735234
1614719210953011200
1614722657328721921
1614722917941534722
1614723687520894982
1614728311627710465
1614729110118342659
1614729109292331008
1614729114291773440
1614729123649425409
1614729126702886913
1614729126463553540
1614729125880827912
1614729130607517696
1614729130016378885
1614729715054686208
1614729715054686208
1614729715054686208
1614732616040697856
1614735771201835008
1614740843394437122
1614742114080018433
1614744214360702976
1614744212309954561
1614744211340890113
1614744211294674951
1614744216089022464
1614744219356221448
1614744223265296384
1614744219989725186
1614744219599441924
1614749448067760129
1614750138454392833
1614751540769853442
1614756617295101952
1614759116613816320
1614759302564315137
1614759305906905093
1614759305135153152
1614759309644107782
1614759314874593281
1614759318238253056
1614759321622945794
1614759319647444993
1614759323766251521
1614759330569662466
1614760197473570818
1614760210270400514
1614762621927923717
1614766927737458690
1614766937829003265
1614767840015294466
1614768503671910400
1614770334313455616
1614771710657695744
1614774409197244418
1614774417732632578
1614774417699078145
1614774421155377152
1614774424988688384
1614774423571111937
1614774429623386112
1614774429090717699
1614774427614588928
1614774427526303745
