1613694712518684672
1613697161140572160
1613698082142670848
1613700717725769734
1613702315265110016
1613702325281095680
1613702330976980992
1613702336664440832
1613702345526853634
1613702342934949888
1613702353114521600
1613702351935741953
1613703136492797954
1613711060250288134
1613717412385554433
1613717413861654529
1613717419452678148
1613717420597723143
1613717431280599040
1613717443632848897
1613717447030308866
1613717446027874307
1613717454273789952
1613717456190668801
1613728456197509123
1613730111404089344
1613732485170401280
1613732507769356288
1613732511258902528
1613732519345807362
1613732521661075457
1613732530653433858
1613732546617151488
1613732553353056262
1613732563604090881
1613737123030437890
1613738791960993793
1613747586674098181
1613747590516047872
1613747608517808128
1613747610640318470
1613747620631162881
1613747619293024258
1613747626624823296
1613747630496190465
1613747649827553281
1613747658430218241
1613748290478022657
1613753678254538753
1613756685293654017
1613757555557253120
1613762696427540481
1613762705227411458
1613762714081312771
1613762715863977984
1613762744553209856
1613762750290747392
1613762750072619009
1613762748843790336
1613762752711131137
1613772724907937792
1613772914314121217
1613773172415037441
1613777787382382593
1613777787126439936
1613777789034840066
1613777800040685568
1613777804763480064
1613777806307233793
1613777815010439170
1613777831011684353
1613777847260151808
1613777855413993474
1613781291505262595
1613782664011448321
1613787400341458944
1613792925565042688
1613792924126547968
1613792929679806470
1613792929411207170
1613792927603458049
1613792932510957569
1613792941868449792
1613792945567854593
1613792947417366529
1613792962496061440
1613797109966200833
1613800059988070402
1613801650220679168
1613803402722410496
1613803809460862977
1613803864896962561
1613804345249742849
1613806140524994563
1613806172833816579
1613807822181142529
1613808024077959168
1613808024157552641
1613808034022846470
1613808042423861248
1613808048031649793
1613808054247497729
1613808058601472001
1613808057510776832
1613808449967591426
1613811643724533760
1613812915714375680
1613817604069822465
1613822930613305344
1613823107235545090
1613823111538810882
1613823115896709122
1613823115515027457
1613823113468284928
1613823114445570048
1613823120443408385
1613823119600353280
1613823137157619713
1613823158947090432
1613827064259387394
1613832320594898948
1613833057412448259
1613833554512715777
1613834624123248675
1613836973826871297
1613837747910746113
1613837777568927744
1613838219686150145
1613838225948430336
1613838233892257792
1613838233267232769
1613838246135599105
1613838250845650946
1613838255421788160
1613838260282994689
1613839130378604544
1613849060573696002
1613849254136803328
1613852041427783681
1613852205353955328
1613852814144413699
1613853218232205313
1613853343218024450
1613853341230198784
1613853348347711494
1613853345760022529
1613853351443320833
1613853352596738048
1613853350658965510
1613853349870190593
1613853351568891906
1613853357008879617
1613857449164906496
1613861541501075456
1613862213109817347
1613868421824888834
1613868427495481345
1613868424157081603
1613868424102400003
1613868451142959105
1613868449289093121
1613868453730844674
1613868459862917121
1613868458537525248
1613868457971310592
1613876227638546433
1613877958304743425
1613878524112261123
1613881242696433664
1613882238210392065
1613882989674364928
1613883529888239617
1613883529607118848
1613883535408140288
1613883541875556352
1613883544119418880
1613883549416923136
1613883555800829955
1613883560506556417
1613883559944519681
1613883557142843393
1613883564000481280
1613884279624290310
1613885004391514114
1613886319931031555
1613891546117541890
1613892573747372034
1613894320536313856
1613897928837406721
1613898011456700416
1613898535170179072
1613898629949067264
1613898629445451777
1613898633740427265
1613898632750829569
1613898637012271109
1613898646906363906
1613898646075936769
1613898651352563712
1613898658314960896
1613898659728441346
1613900801927438336
1613907006909452288
1613909298786013184
1613911722477375488
1613911740135182336
1613913720455069696
1613913721016811522
1613913719414849537
1613913724020228097
1613913722778693632
1613913741191512065
1613913750137872384
1613913752860229632
1613913759373987840
1613913756215435264
1613915678880268290
1613917946140573699
1613918199845720068
1613922035259826176
1613923956154564608
1613925993978253314
1613926029986525184
1613926270697603072
1613926672335519747
1613927516770820097
1613927727643475968
1613928229030576129
1613928828933390337
1613928827721334784
1613928835807846400
1613928844880416768
1613928844125241345
1613928847958839297
1613928853474365441
1613928852622811138
1613928852056690695
1613928858083794946
1613929535627558913
1613930073329135617
1613931093899546625
1613931677436313605
1613938794335555584
1613940317182660613
1613940466562600961
1613942614499139585
1613943473064779776
1613943932173389834
1613943938490023936
1613943944517226507
1613943942315216907
1613943941942087682
1613943950083231744
1613943946954280960
1613943946727624718
1613943953925222401
1613943951509319680
1613944323321597972
1613945185620074496
1613950508703649847
1613950523236913171
1613951217574580243
1613954224953376768
1613955805258350593
1613959040421199891
1613959039183880193
1613959040467636224
1613959049560862721
1613959049116016641
1613959047379664897
1613959052639207424
1613959050730799131
1613959055424520192
1613959054769983488
1613962149327405061
1613962598034321409
1613964601107808272
1613966152387919875
1613969780758745088
1613969820323545090
1613970359941726218
1613970674657132547
1613972748887261190
1613974127575957532
1613974130180620291
1613974128549330944
1613974136228806678
1613974143216517140
1613974149004918786
1613974153186402304
1613974156475006976
1613974300641329213
1613976837595746304
1613980855294394368
1613982888248152074
1613985765788160005
1613986281553334276
1613987056216145924
1613989023357313024
1613989212440694812
1613989220095299585
1613989225371734032
1613989224763789312
1613989235861905408
1613989238751612928
1613989238734786565
1613989243612983296
1613989252429381634
1613989251107983362
1613989255528992768
1613995019706241045
1613997575538876416
1614003232304500737
1614003324814036992
1614003532574740493
1614004326367744000
1614004330901786641
1614004332520787968
1614004333305298944
1614004346420600832
1614004344906465280
1614004352162713626
1614004348782104588
1614004354775764996
1614004353970409472
1614005924011692037
1614006596799197184
1614010035784323072
1614011128996044800
1614012080771989504
1614013750922694658
1614017433441894401
1614019408669691937
1614019409751990273
1614019412452954137
1614019427238047744
1614019444690538496
1614019448268116003
1614019453687156752
1614021471281598468
1614023407883927552
1614026726937329664
1614027273979695115
1614031945125470210
1614032902387372035
1614034500769517570
1614034503961579522
1614034503017828352
1614034509321625609
1614034511624273920
1614034512505192451
1614034520084254721
1614034541836140544
1614034544348528640
1614038362792546305
1614040801285406721
1614040847191838730
1614042475416686592
1614047238979784704
1614049614193385473
1614049617246834688
1614049627644301315
1614049633361367040
1614049630152523776
1614049630139850752
1614049643960082435
1614049649119367168
