1610793807406338051
1610794410723217408
1610801149078126592
1610803209441841153
1610803228853129217
1610803242111229952
1610803242014998530
1610803241893199878
1610803240635097090
1610803245533782017
1610803249321476096
1610803731729379328
1610803894065455105
1610818224391847937
1610818229076729858
1610818262404587520
1610818258545872896
1610818274853543936
1610818273708326912
1610818324820287488
1610818339961556992
1610818352905076738
1610825014529478656
1610825923044966401
1610826404517580802
1610827531728424962
1610827817998077954
1610829768311578625
1610833407809814529
1610833407109365760
1610833418283061250
1610833422087499777
1610833421932331009
1610833428483547139
1610833433911070720
1610833441011924993
1610833443826593793
1610833443457212416
1610834672489046016
1610837231513526275
1610837321963786241
1610837658565050384
1610839294972940289
1610839331198976002
1610846721424384002
1610846838097313792
1610847256772759552
1610848165133189120
1610848497544368128
1610848504620150789
1610848509070041088
1610848513101017089
1610848518662676480
1610848524308025345
1610848533707632640
1610848537969045505
1610848543702650880
1610852791538585601
1610859258601525248
1610863492814483457
1610863601832833025
1610863603879677955
1610863609441300480
1610863608627429376
1610863626554073091
1610863631507521538
1610863628843900930
1610863639384281089
1610863645524914177
1610863658728394753
1610867470000345091
1610867536580730882
1610875594828546048
1610877503689596929
1610878726346272769
1610878725377396741
1610878731605737474
1610878738530709505
1610878743353884672
1610878740636090371
1610878746290184193
1610878755555184640
1610878754624094210
1610883211688611841
1610883862317662208
1610885379921436680
1610885542366904322
1610889015208693760
1610889238987300866
1610893813593128960
1610893816558485506
1610893815153303553
1610893828172677120
1610893834115813376
1610893841078554626
1610893840193298432
1610893858287525890
1610893982531452928
1610898400832270337
1610899061225230336
1610899744905125894
1610902387337609218
1610907858467536896
1610908923564888064
1610908934600265729
1610908931307745283
1610908931131604992
1610908938530164737
1610908947606810626
1610908955089182721
1610908954170646529
1610909379083096065
1610910307744112640
1610918114522169346
1610919439775535105
1610922335128940544
1610922420470439936
1610924005661511680
1610924009419423745
1610924038280413184
1610924041627475969
1610924039752523776
1610924049000972288
1610924047231066114
1610924057381437440
1610924056462897152
1610924056005451776
1610924134581833730
1610924886335127554
1610926083318112257
1610926083318112257
1610926083318112257
1610926083318112257
1610926083318112257
1610926083318112257
1610926083318112257
1610926083318112257
1610926954668081152
1610930378696495105
1610931141048995841
1610932512607313921
1610932738210537475
1610935007672995841
1610935125998534659
1610936914592284672
1610937511743717376
1610939116920643586
1610939116161466369
1610939127154761729
1610939133622652928
1610939134243373057
1610939135153569792
1610939140329115649
1610939151523713024
1610939158993993728
1610939158578569217
1610941222843219968
1610943404887924737
1610943770337447936
1610943966513631232
1610948700687290368
1610948835773407234
1610949555608076288
1610950363615563778
1610954233401982976
1610954236619096064
1610954235171987457
1610954233523863552
1610954241648230400
1610954248384319488
1610954248295940098
1610954257209135104
1610958025392627712
1610967741753659399
1610967825631281152
1610968405443764224
1610968492496265220
1610968608485830656
1610969306610688000
1610969332699332610
1610969336855891968
1610969333617893376
1610969333038981120
1610969339997442048
1610969346557476865
1610969350403510280
1610969355667341312
1610969354304380928
1610969840101261314
1610971652287827973
1610974181071495168
1610977971787137025
1610978301983473670
1610981376471486467
1610982810138906624
1610983208501346304
1610984422266011649
1610984421250797568
1610984432189706240
1610984440507006976
1610984438883840001
1610984436967047180
1610984448153079810
1610984447985205250
1610984447200956420
1610984457091297281
1610984458731114499
1610984645281071104
1610985254025560069
1610986524945915905
1610987601368076290
1610996020749418498
1610996480457711617
1610998471292493825
1610998643376390146
1610999437777829888
1610999530870214656
1610999539011395584
1610999545646784514
1610999548998221826
1610999554123382784
1610999555234873344
1610999554991587331
1610999744494538752
1611002449879527426
1611005319454363648
1611005521024237569
1611005731896967168
1611006227315564544
1611006320668479490
1611007134723883010
1611009897822588934
1611011306189987844
1611011805962448897
1611012464858087425
1611012622866083841
1611013943262171137
1611014444766699520
1611014621669777409
1611014624240963586
1611014623884636166
1611014633804136448
1611014631685767172
1611014636509315076
1611014642402471941
1611014641911562240
1611014641349525504
1611014646445506562
1611015835136724996
1611017326148698112
1611018323621208069
1611019713936789504
1611021161608974337
1611022166325075968
1611024472160575488
1611027405354962945
1611027572128874498
1611027578575360004
1611028409521512448
1611028845536083969
1611029724821868544
1611029734347116545
1611029733604577281
1611029732900077574
1611029735492001795
1611029743461335043
1611029745671770112
1611029745738694656
1611029750893395968
1611032886001676289
1611034032858447878
1611034096775356416
1611035271138508803
1611035397294784516
1611036028860764161
1611042593172774912
1611044328721219584
1611044829105983490
1611044835489619969
1611044836219420675
1611044841563238400
1611044840761851918
1611044845837066240
1611044844394127361
1611044849477734401
1611044851805720580
1611044855341277184
1611045604666245151
1611047126112272387
1611047391133564957
1611047704183832600
1611051751364231169
1611053960013430786
1611059086874841093
1611059922329915392
1611059922774691842
1611059926557937664
1611059933843177472
1611059933298192384
1611059935290482688
1611059945029386240
1611059943288995840
1611061999785639941
1611062613227540495
1611063988309135361
1611064884485099538
1611067709491679232
1611069770790539264
1611070768770605065
1611071073704886273
1611071324805373952
1611072398136074248
1611073398872104961
1611073508691304449
1611073586579529736
1611073586579529736
1611073990310649875
1611074201330515968
1611074506885324814
1611074642675961857
1611075022692417541
1611075028618993665
1611075027943710720
1611075030070222850
1611075037762650112
1611075037536083974
1611075038504968213
1611075043328495616
1611075042456002569
1611075050567761921
1611081446902358021
1611081641413296128
1611082962753183763
1611084112432881688
1611085324867756043
1611085832395317251
1611090144081346560
1611090143254831136
1611090142776774656
1611090148829061138
1611090146753150976
1611090150666166287
1611090150515171360
1611090161705574415
1611092406342156288
1611092674336940044
1611096619503558658
1611097273198428161
1611099485026897934
1611101457352122368
1611105213284339715
1611105212584034305
1611105212458057730
1611105216656703488
1611105231928021001
1611105231210795032
1611105235560288276
1611105240081747994
1611105238018150407
1611105250374742016
1611105565857533955
1611106840892293120
1611107844253777921
1611110593187946496
1611114245013532678
1611114346599546881
1611117815699742727
1611118392299393024
1611118415011545089
1611118768570122241
1611119218577264641
1611120313328074753
1611120323566632960
1611120322127749121
1611120336258404352
1611120333649485827
1611120345871970306
1611120348442804224
1611120346601603073
1611121168458682368
1611121803744710657
1611122658476982272
1611123179358937088
1611124594496405504
1611128984921669632
1611134795299389440
1611135413653065730
1611135412742885376
1611135419235590146
1611135425233428480
1611135432317698050
1611135437937983488
1611135436973383682
1611135447861706754
1611135452404129792
1611135452379025411
1611136065552752641
1611136838114189312
1611139431905333254
1611141309301129217
1611142537212792833
1611143270956167169
1611144560943529985
1611150496995373058
1611150495250518016
1611150500610871296
1611150516905512960
1611150514367991817
1611150526745288705
1611150523167813632
1611150539542384641
1611150549872967680
