1614778763971276801
1614788309372502017
1614788937083490307
1614789064934268937
1614789508305932288
1614789514555453441
1614789513875701761
1614789519567474689
1614789518414217216
1614789521383776257
1614789524374028291
1614789524042960897
1614789526475661312
1614791122605195266
1614792113560096769
1614794642889003009
1614796308757483520
1614799197773107200
1614800017260445698
1614804579232751616
1614804583444025345
1614804580373782531
1614804593359360000
1614804593241919488
1614804593883615232
1614804625508696065
1614804625286205441
1614804621414875136
1614807824978317312
1614810533156515841
1614812254540816385
1614812547894464514
1614815402877685768
1614816887573221377
1614817742627938304
1614817849171709952
1614818801547345921
1614819677640986627
1614819676877639683
1614819676537737216
1614819689687027715
1614819689234059264
1614819707651084289
1614819707424739330
1614819714148241410
1614819717318938624
1614819727888601088
1614834775042437120
1614834783347003393
1614834783296835590
1614834789013684230
1614834796005302274
1614834800275193857
1614834802774999041
1614834807199916035
1614834803840352258
1614834822727319553
1614842364081672194
1614846608813727747
1614849896326041602
1614849900801318912
1614849899610411010
1614849913489354753
1614849913288028161
1614849923341598723
1614849921567555584
1614849928085258240
1614849927720407041
1614849924251648000
1614859678730850304
1614862703855833091
1614862930448719873
1614864998173659136
1614864994629480451
1614864994499432448
1614864999343886336
1614864998475366400
1614865004465131521
1614865017731710978
1614865015831396352
1614865020155998209
1614865027281862662
1614867035284021248
1614867599103504385
1614869225754984448
1614872115060277248
1614874307649490946
1614874566886555650
1614876142879801345
1614876470563700737
1614878521096302593
1614878530248249344
1614880099911745536
1614880098179551232
1614880102743175168
1614880109265317889
1614880107817992192
1614880107159511048
1614880110783479809
1614880115300700160
1614880116466937856
1614880115653066759
1614880734866546688
1614882535619674117
1614883319744692226
1614886102912860160
1614887115824795654
1614889566317711360
1614895175167520768
1614895177763536896
1614895182436081664
1614895190229266432
1614895193886687232
1614895207463395329
1614895210789588992
1614895215487107072
1614895223712120833
1614895226514018304
1614897049471705090
1614897673655705601
1614898006070788098
1614899382247215104
1614900956289802243
1614905460980695042
1614906663630434304
1614909697944952832
1614910102770778113
1614910296254021632
1614910300519813120
1614910307700445184
1614910317712265216
1614910313962283008
1614910321193521152
1614910318752288768
1614910324922253319
1614910325010087937
1614914922701557761
1614916898696876033
1614919514491359232
1614920920656711680
1614923352162074627
1614923352162074627
1614925404078501889
1614925408197087233
1614925406276288513
1614925410348969986
1614925415075745792
1614925413108842496
1614925420771565568
1614925419089743873
1614925418116820993
1614925422906716161
1614929881401528321
1614931428646735875
1614931587073728513
1614937305235525632
1614938343824936962
1614939055602696192
1614940499189854208
1614940500208898050
1614940508601651203
1614940511097487360
1614940515018866689
1614940515371204609
1614940517355208708
1614940525064339459
1614941496888922112
1614942130824253440
1614942773139968001
1614945153495584771
1614945348371480577
1614945359146504195
1614945357019897857
1614950092905058304
1614951756940865536
1614954815163092992
1614955598944292866
1614955607609511936
1614955605424234497
1614955607668264961
1614955604908326913
1614955607911714817
1614955612093177856
1614955619781574658
1614955616438714368
1614955622834774017
1614959730379587584
1614960266130726912
1614960270308171777
1614961231089045505
1614965475619880961
1614966780765810689
1614967427086925824
1614970699281727489
1614970702582657025
1614970702398124034
1614970707691319297
1614970711616921601
1614970719385051138
1614970716843298817
1614970723147354113
1614970722819899394
1614974151449800704
1614976558556381185
1614980550485319680
1614981080548876288
1614982397757456385
1614985806703394817
1614985804337582080
1614985805587701762
1614985808741601280
1614985808582172672
1614985812340342789
1614985823404916737
1614985819680391169
1614985823060983811
1614988821229367296
1614989837337264131
1614991635959668738
1614995157673299968
1614998991095332865
1615000492316426240
1615000897649606657
1615000899562385410
1615000899029725184
1615000898555764737
1615000907615244291
1615000909817290752
1615000910790279168
1615000916167368711
1615003035406827520
1615005058826997763
1615006453588279300
1615006980694806528
1615011824235069442
1615015484096667650
1615015860074156037
1615015997974667265
1615016003238506497
1615016009697484800
1615016014168854528
1615016013828866049
1615016014365790211
1615016017385885696
1615016022607802368
1615016021408026624
1615018519359258626
1615018551256956933
1615019013100240900
1615022831271559168
1615024622285557760
1615024834865664001
1615026792800333824
1615027600576872451
1615029614383874049
1615030840970416128
1615031026962632704
1615031094109143061
1615031100908208128
1615031105219854361
1615031106155184147
1615031105731559443
1615031117895049217
1615031116225970177
1615031115177238528
1615031121305010176
1615031119719665664
1615031139063693334
1615035809849016342
1615037160456855552
1615039587713155104
1615040738898608154
1615042298760265751
1615044073085145099
1615044787341774848
1615046090268577796
1615046188629168142
1615046197722615809
1615046202071957505
1615046201694474242
1615046208317427714
1615046216567648257
1615046215439204356
1615046221252395011
1615046218698362881
1615046493458632705
1615047184012959746
1615047541334188033
1615048943716515840
1615051643904749569
1615052638491447310
1615053064876003344
1615054929458077696
1615055402193850376
1615056673470615567
1615059214757662722
1615059593830273048
1615061294251446278
1615061299905368081
1615061302057046039
1615061301855719463
1615061316783247365
1615061315017445404
1615061315776835584
1615061317156540442
1615061320289898497
1615062353116119040
1615065172871155733
1615066488989253640
1615067236934340608
1615068786457018376
1615072051320033280
1615072312365121550
1615076399613607938
1615076405968277504
1615076405867413512
1615076404906917890
1615076407754850307
1615076408409161739
1615076411919982592
1615076416114290688
1615076419834445849
1615077283865264135
1615083109518802944
1615091440366886923
1615091499812675585
1615091503172575233
1615091501545005079
1615091500949590017
1615091500290908177
1615091504506351621
1615091503621185557
1615091509144977408
1615091517760372736
1615093435480051719
1615093868235730944
1615096017375862785
1615096373715824640
1615098760551452672
1615098991196213248
1615100114560851970
1615101053933953039
1615104310303498249
1615105198233460739
1615106298193772544
1615106600716623873
1615106603417575427
1615106606387142666
1615106604013322240
1615106609369292808
1615106611445653505
1615106614301794322
1615106614956273664
1615106616461860866
1615106619192532992
1615112451632107520
1615114701641486341
1615117585749622786
1615121346064945153
1615121669885943808
1615121669072343042
1615121679482494976
1615121681885847553
1615121689263894529
1615121695617982464
1615121698524741632
1615121703310430208
1615121706540040194
1615121711237570561
1615131791827914752
1615133457583116289
1615136780507914241
1615136792260538368
1615136790284836864
1615136802121158657
1615136809289396226
1615136808358002688
1615136806554533893
1615136810501558272
1615136817988210688
1615136818059526144
