1609702763365015552
1609702910111412224
1609703404087185409
1609704284978925568
1609714568640569345
1609716048823218179
1609716059015360512
1609716065692434438
1609716081337180162
1609716085582098432
1609716084713885697
1609716093328695297
1609716091827224581
1609716778854412288
1609717161815056386
1609719192596381696
1609720560983891969
1609722336638373891
1609731122606538752
1609731146665058304
1609731146551525378
1609731162481516545
1609731176142602242
1609731190336126976
1609731190063353856
1609731188947648512
1609746259405070338
1609746272528867328
1609746271803420677
1609746283182301184
1609746290463895554
1609746293345374208
1609746291852201984
1609746298521124866
1609750005446836225
1609756751628480513
1609757750405259265
1609758482193911808
1609760539739303937
1609761064769421312
1609761336950652929
1609761344479440899
1609761351332925441
1609761354423967745
1609761353308246016
1609761385902374912
1609761383507427334
1609761382874116096
1609761390973288448
1609761395809161216
1609773774194319360
1609776438432997376
1609776446523994113
1609776450764251136
1609776462613061634
1609776468892217350
1609776491923144704
1609776490891153408
1609776497484505088
1609782043507924992
1609789506374205440
1609791290744381441
1609791524358717440
1609791528251056128
1609791534538391554
1609791546785923073
1609791543401148418
1609791552850624513
1609791557456261120
1609791564791824384
1609791570613501952
1609791584781959168
1609792483692630017
1609795436210171904
1609797305850335233
1609800133025173510
1609806638315368450
1609806641498828800
1609806638793519104
1609806643184734208
1609806652391231488
1609806656686137344
1609806667566256131
1609806682309431299
1609806685702443010
1609806695638917120
1609807026095366145
1609809109213417474
1609811585211502592
1609813028370784257
1609813928929796099
1609814599800332290
1609814619727736835
1609817228517715970
1609818865747337224
1609820965021646849
1609821764259045376
1609821766096130049
1609821774505549824
1609821774405042182
1609821772446158850
1609821775617224706
1609821783095496710
1609821785629028353
1609821790523772928
1609823581222961152
1609829242782588928
1609830172462845952
1609835516865744896
1609836866588577792
1609836869818138630
1609836871126753280
1609836871709777920
1609836875354611714
1609836887606284289
1609836885152780288
1609836890483474432
1609836895646920704
1609844102903783424
1609844482605817856
1609849197217341444
1609851973120966657
1609851975620870145
1609851980910055426
1609851980620472320
1609851986144264194
1609851987700420610
1609851992557473793
1609854468514017280
1609857264671678465
1609857921566838784
1609859103098019840
1609861263839961089
1609861943594033152
1609864554179166209
1609866420917084160
1609866810035245056
1609866988750508034
1609867040621297667
1609867047009243136
1609867050503262208
1609867059457888256
1609867072690855937
1609867081805361153
1609867081155072007
1609867078709673987
1609867082769862657
1609867089979887616
1609867680453885953
1609867684610543620
1609870764584353794
1609871388860641283
1609873158047399936
1609873748043223042
1609875160240197632
1609875417300623367
1609875664147988480
1609878516920631296
1609882168716820481
1609882172571406338
1609882170549760001
1609882169790308352
1609882177373626370
1609882181152952320
1609882181140086784
1609882184822792192
1609882189856137218
1609882188761145347
1609883198141390849
1609888082794356736
1609889719671980032
1609890892017459201
1609891419283677185
1609894229446389762
1609894585609719809
1609895731816693761
1609897269750562816
1609897269339234308
1609897274548559872
1609897276117520386
1609897280592613377
1609897279871139840
1609897278206091265
1609897285067866113
1609897290063380481
1609897292915408897
1609898553672966145
1609903177826193408
1609903898713546752
1609908885279870978
1609910257479720960
1609912372155613187
1609912369567735813
1609912372944044035
1609912379550334976
1609912384839204864
1609912382066663426
1609912387838124033
1609912393164902402
1609912392279785475
1609912391101304834
1609913972303761410
1609922733067960322
1609927484597800960
1609927483939512322
1609927483154898948
1609927487944810496
1609927486279929859
1609927492738875395
1609927492642406400
1609927491904307200
1609927491098902530
1609928421735337984
1609929607867936768
1609930075838758913
1609930753751617538
1609933598211055616
1609934177197084674
1609934643599474689
1609935498063085570
1609937560729526273
1609938147420274689
1609939351516889089
1609939460040413189
1609940436243877888
1609941155965272064
1609941700809465858
1609942250129088514
1609942565167697926
1609942575401639936
1609942574831108097
1609942572922818565
1609942571559620608
1609942583161020416
1609942587573690368
1609942585937743872
1609942592027762689
1609942591805526016
1609946576193028100
1609954563947376641
1609957670215090177
1609957671951630337
1609957678268256257
1609957677748178944
1609957682311749632
1609957680373981189
1609957685604274177
1609957690066747395
1609957689261723649
1609960703930290176
1609963244378116098
1609963977223667712
1609967232167149568
1609970915240210435
1609972105428324354
1609972778131668994
1609972780438589440
1609972786377756673
1609972785056722945
1609972784960086023
1609972783974420481
1609972783936688129
1609972783811039233
1609972791197028358
1609972790701998083
1609977367019098112
1609979414963421186
1609980817341554688
1609980998648832007
1609984388351119360
1609984698222100482
1609984700139073536
1609987640203296770
1609987854855442432
1609987861352177667
1609987859523551232
1609987863046754304
1609987868633739266
1609987873708847106
1609987877789630464
1609987884634832897
1609987909289152512
1609989494484131840
1609990134304210944
1609993630046904322
1609995569262370819
1609997100854513667
1610000327687766020
1610001483084271620
1610001508061396997
1610002377578364929
1610002949924691968
1610002952722202625
1610002955696222209
1610002954932682754
1610002958648999936
1610002967331016714
1610002972326477824
1610002977024008194
1610002977020063746
1610002983307157508
1610008167873761281
1610009715194331138
1610011281670680578
1610011860983586822
1610012593271492608
1610014967402532866
1610018057363005440
1610018060097970176
1610018061465145349
1610018065978114048
1610018072047271938
1610018072584134663
1610018076132577287
1610018075222446080
1610018088782528514
1610019674468618240
1610028255700209665
1610031149329301504
1610033064230502403
1610033142550900736
1610033147420282880
1610033143922282496
1610033149303746560
1610033155498459138
1610033153997144065
1610033169473880064
1610033184447643654
1610033182660763649
1610034402918109188
1610040578858786817
1610046612193132544
1610048267542269961
1610048266472669184
1610048265067859968
1610048266762358784
1610048269908082690
1610048268007837699
1610048274416689153
1610048284688523264
1610048282641793026
1610048288224432133
1610050907336773634
1610056509722972161
1610063323470462976
1610063327400525825
1610063362162827264
1610063363408809985
1610063371348361217
1610063368622329856
1610063376226328578
1610063383142842371
1610063387009884162
1610063385453903873
