1610075999106125824
1610076956489293826
1610078127996166146
1610078465788608512
1610078467915239424
1610078467797970944
1610078471312773120
1610078477566316544
1610078476459020289
1610078475414638594
1610078479722102785
1610078482989449218
1610078485753495552
1610080828091994114
1610082393641324544
1610085612467662848
1610087516031586306
1610088038725451777
1610093253918867457
1610093479190732801
1610093505875173376
1610093516578775042
1610093526028541953
1610093547348455426
1610093553128013825
1610093556068241409
1610093563718533120
1610093567749361664
1610093580491816960
1610100782992621568
1610101379691085825
1610101976783544321
1610105828392210432
1610106144655278084
1610106632775532544
1610108006779289604
1610108608230100992
1610108623186964483
1610108626491826176
1610108629491011585
1610108633580437504
1610108639058210816
1610108645412597761
1610108656883798017
1610108655046889472
1610108664924307468
1610114248545271813
1610119559125831683
1610121484269133824
1610122896441241602
1610123727345418241
1610123730751000576
1610123741983379460
1610123740901437440
1610123766440538113
1610123777622294529
1610123777806934018
1610123782165004288
1610123781934047232
1610123780306731010
1610124464980910080
1610126135957782529
1610129422526582784
1610136945161633797
1610137949609263106
1610138143977787398
1610138813421985792
1610138820376416258
1610138826479128576
1610138841423446017
1610138858326212608
1610138861312806912
1610138862621425666
1610138875913199618
1610138880136867840
1610138878672764930
1610141248190300161
1610142820634853377
1610145730949447688
1610150597403226115
1610153950090510338
1610153956537253889
1610153962342318086
1610153962233294849
1610153961788682241
1610153961482240001
1610153960958201857
1610153969162256385
1610153979987611652
1610153982080548864
1610154917322280960
1610156607773544451
1610164768244994051
1610169046963556355
1610169044703023104
1610169050805460992
1610169053389389827
1610169056769998849
1610169078781730816
1610169080152989701
1610169083877810176
1610172081010012161
1610173006848094208
1610173194077630464
1610173824753876992
1610177941001887744
1610181644928925696
1610181964916555776
1610184001834344456
1610184151042527232
1610184162174009344
1610184166741790721
1610184164095021056
1610184176220921856
1610184183477067776
1610184182436618240
1610185726947098624
1610189739654799364
1610190952278138881
1610194085595299841
1610194235143118848
1610194692578365440
1610194717433647106
1610195260407177218
1610195327482576897
1610196120201838592
1610196120201838592
1610197496361549825
1610199111080501250
1610199199848480768
1610199215178760193
1610199226994282497
1610199231448649729
1610199229649281024
1610199234103345153
1610199243523821569
1610199264625561600
1610199278751817729
1610199296736911361
1610201140045520897
1610207529698721792
1610210306051170304
1610210326271909888
1610213568535740416
1610213625578524673
1610214329936134151
1610214337100251138
1610214350412976128
1610214356549001216
1610214354502418433
1610214361284644865
1610214360940531712
1610214371002834944
1610214378292547585
1610214375041765377
1610214703778635776
1610214934792572928
1610215301399957513
1610217794880126976
1610219168569122817
1610221057193160704
1610223876050395139
1610229443779334144
1610229445729652736
1610229457708584961
1610229459772375042
1610229462196420609
1610229467766751232
1610229472720027653
1610229481553416206
1610240005842128896
1610240740344631296
1610242584160370689
1610243604324155392
1610243617695891456
1610244398574362624
1610244452882300928
1610244560583622656
1610244559916912642
1610244573250617344
1610244571757264896
1610244577599815681
1610244575951552512
1610244580921806849
1610244580087152640
1610244581609676802
1610246137612492800
1610247062817308672
1610247086561263616
1610248071010521091
1610248395850915840
1610253081417064449
1610253804234055680
1610253845736689667
1610254638569390080
1610257167617081344
1610259155805429766
1610259639827927041
1610259639089729539
1610259643841789954
1610259641816186881
1610259646740144133
1610259649147568129
1610259655946551297
1610259658253500416
1610259662632280064
1610259668558823426
1610263755534860293
1610267344546430977
1610273314144153601
1610274072541134853
1610274741675335681
1610274747589222400
1610274758649860096
1610274763607261185
1610274767197851653
1610274769555050496
1610274780216688641
1610274780942401537
1610274779621105664
1610274790425632768
1610280064616222722
1610281120632868864
1610282719732461568
1610283092186464257
1610284082906255363
1610284335655014401
1610288979219283969
1610289855250022402
1610289863609155586
1610289862342574080
1610289867769913344
1610289871515693056
1610289869317611527
1610289869619699714
1610289869502251009
1610289873948114947
1610289875991003137
1610289879199399936
1610295241382440962
1610296387786219522
1610297699974234114
1610299405097107457
1610299657111965697
1610299657111965697
1610301114938687489
1610301811356991488
1610304942685982720
1610304954874617856
1610304954732023809
1610304970871476224
1610304979104944130
1610304978295590912
1610305511936647169
1610308147989872641
1610312220411588608
1610312220411588608
1610312228590198785
1610315250867339264
1610317501589504002
1610320062052720640
1610320066440204289
1610320065093857288
1610320070689050626
1610320067891441664
1610320075197714436
1610320074144874496
1610320073767403524
1610320076187525122
1610321584887144451
1610323576925683714
1610324090052837379
1610325233147301894
1610326116757114880
1610327169896689667
1610328116064579585
1610328419203522560
1610330525117325316
1610330691383721985
1610333376040534016
1610335148695748611
1610335149371101186
1610335150793003010
1610335152751710210
1610335160125227011
1610335158913142792
1610335158741372928
1610335162985840640
1610335172339335169
1610335177187655690
1610340556202283008
1610346483731267584
1610347077430644737
1610348901768241152
1610349469215690754
1610350206385803264
1610350207639617536
1610350213964734466
1610350249813626882
1610350260345266182
1610350260106235904
1610350262602051587
1610350266733174785
1610350274178080770
1610355395108962304
1610356486143889408
1610357500229959683
1610361155385544705
1610361475796766721
1610361854571814912
1610365329091207169
1610365328348925956
1610365328231665666
1610365347915350016
1610365345147293697
1610365355624480768
1610365358820540416
1610365358707204097
1610365370396999680
1610365374867951616
1610366517706919937
1610366643305078790
1610366960117911552
1610369149846388739
1610369149846388739
1610369149846388739
1610372225739145219
1610376276535042054
1610377254172762113
1610380418259324930
1610380418078875653
1610380419127562242
1610380448022073344
1610380456649711617
1610380455659847683
1610380459237691393
1610380456893255680
1610380475071184896
1610386142637047809
1610386975365947393
1610387534726455296
1610387953838133249
1610388824416206850
1610394356925566983
1610395225045843969
1610395435612389377
1610395466168143873
1610395503019298817
1610395522686390273
1610395526868119553
1610395543171104768
1610395545868337153
1610395545117278213
1610395543913758720
1610395550494642177
1610395556156932096
1610395570040115200
1610396508624674816
1610397479660408832
1610401133469499394
1610401631954423809
1610404695578906624
1610407923611766784
1610410638366638082
1610410642363813888
1610410665369571328
1610410672466333696
1610410671950204938
1610410671576940544
1610410670528540672
1610410675683168256
1610410675045601285
1610414324497125378
1610425722752966657
1610425729887379457
1610425730927656962
1610425732232011777
1610425738477424642
1610425737495945216
1610425769582288896
