1666233633567383554
1666234392400875520
1666234825580204032
1666236947679854593
1666237481082056705
1666237624070316039
1666237633704390661
1666251755955298305
1666257758679887873
1666258148221648897
1666262345897877504
1666269929367121922
1666271439941697536
1666284477449146374
1666293239912218626
1666293908257804288
1666297711140786177
1666297961205170178
1666297961205170178
1666297961205170178
1666297961205170178
1666297961205170178
1666297961205170178
1666297961205170178
1666297961205170178
1666297961205170178
1666297961205170178
1666297961205170178
1666297961205170178
1666297961205170178
1666297961205170178
1666297961205170178
1666297961205170178
1666297961205170178
1666297961205170178
1666297961205170178
1666297961205170178
1666300921188429826
1666301363393789954
1666305844886007809
1666310273655816193
1666310273655816193
1666312366991224833
1666312422922092544
1666314074152480768
1666324208576782338
1666326833179000833
1666328350967619589
1666328436544086016
1666330539157245957
1666332280342626305
1666333392420454400
1666335928846016515
1666336503721607168
1666336699214102534
1666339339641700352
1666340551631699968
1666340892003938306
1666343322510655488
1666344939939045377
1666347338862936065
1666348516292308992
1666348864083722244
1666349079960645635
1666352275088867328
1666353251204079617
1666353578091372545
1666354770498519044
1666359102501535744
1666360106957565959
1666363864194199553
1666364236895854592
1666364986564698112
1666365567807246336
1666365986935586818
1666367359962034177
1666373580878168067
1666374071104286721
1666374110958551040
1666379429327642624
1666382121991012352
1666382165775458305
1666382215196864513
1666383513963188226
1666384057003851776
1666384831909953537
1666384847583977472
1666385818204659714
1666388202662375424
1666390979627065346
1666391365817696259
1666392241223467008
1666392337243578368
1666392423180664832
1666392834633596928
1666393215027519489
1666395085347381248
1666397196508442626
1666398538144661507
1666398538144661507
1666398538144661507
1666398627659431937
1666399489639215108
1666399581871931395
1666401036037242881
1666401113833107457
1666401113833107457
1666401729984724993
1666403246057947136
1666404603703836678
1666405707510427649
1666405970061213696
1666405970061213696
1666405977694896139
1666407738727968776
1666407765877637120
1666410369584078850
1666410435988406275
1666410842970116098
1666412753374920706
1666413955542122496
1666415094656376840
1666416715071123456
1666417809490944000
1666417873776959489
1666421557646721025
1666425205193932803
1666425715242196996
1666426468736565248
1666426909331447808
1666426978386231299
1666427190295277569
1666430671785525253
1666433466903281666
1666433466903281666
1666434350013988865
1666435545260519424
1666438209574785025
1666438393025253377
1666439173639749635
1666439562208464897
1666440769341620228
1666443000971501571
1666443934489358344
1666443934489358344
1666444407795593218
1666445192201682959
1666445264175939584
1666445264175939584
1666445666388783111
1666450598219202561
1666450684340850693
1666451213343137803
1666451310495903744
1666452396711583746
1666452715394793472
1666455067661152256
1666456390884290562
1666456790769233920
1666457771242315782
1666457812229058561
1666459056255401984
1666460305021452289
1666462149013635073
1666463045613400065
1666463045613400065
1666463624196419584
1666464261344841728
1666464663171637250
1666467342988058625
1666468627912990721
1666469776850296832
1666470483599020034
1666471089227067393
1666471802602766338
1666474140944007175
1666474775592435712
1666475993798672385
1666476010739564550
1666477473033273344
1666478628593360896
1666478657349513223
1666479057595437058
1666479987879288833
1666480710041886720
1666482156200161280
1666482656232767488
1666483563061993486
1666484677559844864
1666484725458845696
1666485233435254785
1666487881198870533
1666489099530690575
1666489278740717573
1666489713065115650
1666489876496146446
1666491433375653896
1666491921026498561
1666491921026498561
1666493726867218434
1666494763267153920
1666495877798584333
1666496671079882757
1666498319542112256
1666498459963121696
1666500401116372992
1666500401116372992
1666501145118887936
1666502177286660100
1666504762240507906
1666505597087547392
1666507837306970116
1666507898128572425
1666508094212325378
1666510589080772614
1666512332128657420
1666513707382218752
1666513723215732737
1666514018104647687
1666514192528973841
1666514248401289216
1666516051218292736
1666516237998759942
1666516237998759942
1666516237998759942
1666516340847288339
1666519797331271708
1666520626926854173
1666523773732900883
1666523889655074828
1666523889655074828
1666524730487185408
1666524978844450816
1666525158964711425
1666525300748955648
1666526924695392258
1666528060865216513
1666528693395636224
1666530752689733633
1666536603785871361
1666537584892289024
1666537739431321604
1666539544089358336
1666539544089358336
1666539544089358336
1666542285587136512
1666543573989195776
1666545653072252928
1666547274590179328
1666550599582912514
1666551291353477123
1666551291353477123
1666553344838475776
1666560786351915008
1666563916586000387
1666574678704500739
1666577972701143043
1666578023171211266
1666579360663601153
1666579469824589824
1666580846894018561
1666580852321517568
1666582230301286400
1666583217770471425
1666584936030130176
1666586045771816960
1666589100055330819
1666589884922904577
1666591848456937473
1666593650850103305
