1666958870495784960
1666960758914310145
1666962104073723904
1666962251608203266
1666962523327975424
1666970725415100419
1666972880335142913
1666974748994142209
1666975639587508225
1666976014784778240
1666979725305081858
1666980817783103488
1666982134957977602
1666983590368882689
1666985030231490561
1666985088834236418
1666985287073800193
1666985795406757890
1666988182385184772
1666988180883619842
1666989359642320896
1666990884582494211
1666991953420902403
1666991953420902403
1666991953420902403
1666994923701415937
1666995001916628993
1666996500461768705
1666996926494003200
1667001691730857984
1667002895626301440
1667011072258351105
1667013601054294016
1667015898840854533
1667021007280848896
1667021632064442368
1667027713977200641
1667029249528569858
1667029249528569858
1667029365337538560
1667029502306779136
1667030642989604866
1667030718613184512
1667031015523758080
1667031868074774528
1667033199724167170
1667033248038256640
1667033914366480386
1667033949862866949
1667034717751848960
1667036267283120128
1667036656258482177
1667038951863877635
1667039445122535427
1667040750574477313
1667040956426715136
1667042886775635968
1667043257942159360
1667043257942159360
1667044790159147008
1667045392444162050
1667046336124911616
1667046336124911616
1667046348187750401
1667046679378272258
1667047003509882880
1667047964022374404
1667048494677336064
1667048564944412673
1667048811737260038
1667048990452375553
1667049158673580033
1667051833657884672
1667053517435969538
1667055973486194689
1667056792587706368
1667058491339546625
1667059081474084865
1667059161136345088
1667060599438671873
1667062780497625088
1667062834419621888
1667063157402267648
1667063444191985665
1667063640602689536
1667065274472755200
1667065776128360448
1667066737819279360
1667069192225300480
1667071441454485506
1667072566224199680
1667072566224199680
1667072566224199680
1667072566224199680
1667073069309911040
1667074612813873153
1667075390177681408
1667075893259370502
1667076582022807552
1667077185402724352
1667081153562517504
1667082541579264001
1667082577088217088
1667083631095959554
1667083638263930880
1667083888143761408
1667084618095562756
1667084886237216768
1667085576913264642
1667085896225521664
1667086918369067008
1667087261568208896
1667089824933871616
1667090062612340740
1667090346638016513
1667090408046723073
1667091044863971329
1667091111620345856
1667091563179016192
1667092029287931907
1667093299264647172
1667094133259763714
1667096017043324929
1667097236604428290
1667099597607510017
1667101777726980099
1667101780302258179
1667101785968738304
1667101783687135234
1667101956836294658
1667105381552648193
1667105433029431297
1667105972181950466
1667105991564103680
1667106785663090689
1667107779511762944
1667108594939035648
1667109358725918722
1667113716360388611
1667114567783051265
1667114939834572800
1667115104909885442
1667115775386058753
1667115775386058753
1667115775386058753
1667115775386058753
1667115775386058753
1667115775386058753
1667115775386058753
1667115775386058753
1667115775386058753
1667115775386058753
1667115775386058753
1667115775386058753
1667115775386058753
1667115775386058753
1667115775386058753
1667116113845428224
1667117147540127745
1667117201260789761
1667121041636749315
1667121047223648258
1667121686234185728
1667121801284005889
1667121801284005889
1667121981651828737
1667121995652165634
1667123603723132930
1667123926671978496
1667123956393074689
1667123956393074689
1667124513698357251
1667126173812289540
1667127500386779136
1667128544382820353
1667129700760551425
1667130698300260352
1667131366050344960
1667133574720417792
1667133643112820739
1667133646182989827
1667134888577835008
1667135075220160512
1667135703942144000
1667136875465695232
1667136875465695232
1667136878745735171
1667136887880810497
1667136887880810497
1667136902519050240
1667136902519050240
1667136914657275904
1667137320682700801
1667139488873578497
1667140546937192448
1667141230134788096
1667141384254439428
1667142055959601152
1667146244966285319
1667146446381146114
1667147096812601346
1667147176458461186
1667147766965968896
1667148317963304960
1667148317963304960
1667148317963304960
1667148317963304960
1667148317963304960
1667148317963304960
1667148317963304960
1667149512832434180
1667150723199410178
1667150921451675648
1667150927940157442
1667151919641513987
1667152061555695619
1667152061555695619
1667152225922174978
1667152417018859520
1667152519464714240
1667152519464714240
1667152804719337475
1667153299114536961
1667153592845828096
1667154411846508544
1667155178921885696
1667155972010196998
1667158405897748482
1667159445648863233
1667159451986722816
1667159736964333568
1667161036791709696
1667161767292596224
1667162593360769026
1667163049038315523
1667164600805064704
1667166592449544192
1667166609423646722
1667166609423646722
1667166609423646722
1667166609423646722
1667167555578986499
1667167558527512580
1667168564543930369
1667169293312614409
1667169982474510340
1667170029928955905
1667170442015121408
1667170853451177984
1667171919139946497
1667172271557885956
1667174243015053315
1667174742107860994
1667174974140952578
1667175202713739269
1667175562358423553
1667175738192142340
1667175739202887683
1667175820069044225
1667175899614138381
1667176417723908098
1667176808595300354
1667176876832432130
1667176912580489218
1667177017752666115
1667177149340549123
1667177149340549123
1667177149340549123
1667177149340549123
1667177149340549123
1667177149340549123
1667177149340549123
1667177149340549123
1667177149340549123
1667177149340549123
1667177149340549123
1667177149340549123
1667177149340549123
1667177149340549123
1667177149340549123
1667177149340549123
1667177149340549123
1667177149340549123
1667177149340549123
1667177149340549123
1667177149340549123
1667177149340549123
1667177149340549123
1667177149340549123
1667177149340549123
1667177149340549123
1667177149340549123
1667177149340549123
1667177149340549123
1667177149340549123
1667177149340549123
1667177149340549123
1667177149340549123
1667177149340549123
1667177149340549123
1667177149340549123
1667177149340549123
1667177149340549123
1667177149340549123
1667177149340549123
1667177149340549123
1667177149340549123
1667177149340549123
1667177149340549123
1667177149340549123
1667177149340549123
1667177149340549123
1667177149340549123
1667177149340549123
1667177149340549123
1667177149340549123
1667177149340549123
1667177149340549123
1667177149340549123
1667177149340549123
1667177149340549123
1667177149340549123
1667177149340549123
1667177149340549123
1667177149340549123
1667177149340549123
1667177149340549123
1667177149340549123
1667177149340549123
1667177149340549123
1667177149340549123
1667177149340549123
1667177149340549123
1667177149340549123
1667177149340549123
1667177149340549123
1667177149340549123
1667177149340549123
1667177149340549123
1667177149340549123
1667177149340549123
1667177149340549123
1667177321839616003
1667177318899494914
1667177422775525377
1667177422775525377
1667177422775525377
1667177422775525377
1667177906047528961
1667178343081410566
1667178560870645769
1667178984231120896
1667179171636826113
1667180433056964610
1667180557267091457
1667181552860643328
1667181707189952516
1667182525939154944
1667182525939154944
1667182758211321860
1667183555447869441
1667183572103380993
1667183770586210309
1667184430882988034
1667184818902167554
1667185176886095875
1667185954128273412
1667186109674135555
1667186283003940864
1667186283003940864
1667186925927555075
1667187051068784640
1667187154718425089
1667187982678253569
1667188426934714370
1667188558052851713
1667188603233992704
1667188851524132866
1667189889434284032
1667190710116687872
1667190819596431363
1667190817755131904
1667191024714764288
1667191075587465221
1667191234949963777
1667191634004529157
1667191857023991808
1667192030668242945
1667192173991788544
1667192376320835584
1667192963854737408
1667193180633145345
1667193398669852674
1667193398669852674
1667193398669852674
1667193408773840898
1667193661212196865
1667193762483691520
1667193910127390722
1667195478767747073
1667197809504956416
1667197821454352385
1667197821454352385
1667197821454352385
1667200173033029633
1667200484745318400
1667201371697733636
1667201641282514947
1667202197099102209
1667202197099102209
1667202197099102209
1667203027109924866
1667203027990634498
1667203740082794496
1667205066279854080
1667205528315895808
1667206061567164417
1667207392155643910
1667207691326898189
1667207743940222977
1667207743940222977
1667207743940222977
1667207743940222977
1667207743940222977
1667207743940222977
1667207743940222977
1667208042855661569
1667208329465155584
1667208926977245190
1667210545450176520
1667211231453941760
1667211572731625473
1667211691531091969
1667211691531091969
1667211691531091969
1667211776553893888
1667212052031586305
1667212058859847686
1667212195652947968
1667212979148865537
1667213263703031821
1667213415369023488
1667213508130291723
1667213656029839377
1667214812898525184
1667214812898525184
1667214883287629824
1667215447165419526
1667215781317230593
1667216654227456000
1667217042263425033
1667217722092974081
1667218263884046336
1667218485309571072
1667218699617484817
1667218967671259150
1667220571979956226
1667220650392469538
1667221137388974080
1667222266730430464
1667225047931428882
1667225080483414016
1667225339007737861
1667226305543241734
1667226595478609933
1667228910495342603
1667230068458782720
1667230096455770126
1667230177968152577
1667230252832108544
1667231553879941123
1667232264889966605
1667232264889966605
1667232462013866011
1667232831943360512
1667233158788444161
1667233325679796224
1667233447125954560
1667233489719009311
1667234571807498260
1667235475680264197
1667235635269353472
1667236039788998656
1667236062966456344
1667236198354395139
1667236783673712655
1667236783673712655
1667237499184226320
1667238010201448463
1667238522074308629
1667239603281993745
1667239830042951685
1667240823795097621
1667241491532488723
1667242799924649986
1667242865716502553
1667242967294156806
1667243971397951512
1667243971397951512
1667244036942438400
1667244490271215631
1667245465023270914
1667245598989221888
1667245685555568642
1667245755403325447
1667246047750496258
1667246263337623552
1667246828998348808
1667246974351884290
1667248078129168384
1667248598772318209
1667248649586212864
1667249303402758148
1667249666033844224
1667250479137542146
1667250659761045505
1667251097197592579
1667251097197592579
1667252276845596681
1667252276845596681
1667252660662161414
1667252888563863557
1667253332728074251
1667254017024487424
1667254635248115712
1667254918791548934
1667255314863869960
1667255982655938560
1667256069318639616
1667256389679423492
1667257223595151361
1667258490535006209
1667259902199463937
1667260519210680320
1667260707983839262
1667260998607163421
1667261083650871306
1667261083650871306
1667261083650871306
1667261772225564716
1667261772326227979
1667261962089123843
1667263331214807050
1667264011828871168
1667264015754579977
1667264015754579977
1667264015754579977
1667264015754579977
1667264015754579977
1667264015754579977
1667264119093841940
1667265325019320320
1667265429146947614
1667267914779574273
1667268315712987136
1667269874601656320
1667269874601656320
1667269945149849601
1667271145316286470
1667271362069557248
1667274396711493633
1667274396711493633
1667276549949902848
1667278006585376768
1667278613471809537
1667279629504094208
1667280509846581252
1667280816337039362
1667280951532027906
1667281184534179842
1667284448230948866
1667286134286688256
1667286568363610112
1667286621933142017
1667288450452561922
1667289405663457282
1667290872944246785
1667291990172508166
1667292030861443073
1667292194242277379
1667294722623152130
1667294722623152130
1667300334631284740
1667302915520843776
1667302917194276866
1667303838548721664
1667303838548721664
1667303983696822273
1667304688943865857
1667310303955099651
1667312863776501762
1667314009261981697
1667314744980537346
1667315972422729730
