1666596549647028226
1666598076419588097
1666598268195700736
1666599671270363139
1666600611293298688
1666601288409272322
1666601559999025152
1666601751351287810
1666606214338183169
1666619046689636352
1666625353186435073
1666625434308706305
1666626764229996544
1666630073661751303
1666632259628158978
1666632300920963074
1666633086266753024
1666639296596672512
1666653868367683589
1666658914912587776
1666659172199350273
1666659984078409729
1666665108792131589
1666665230003216384
1666665329840226310
1666665329840226310
1666665476691206145
1666668383893442566
1666678579210379266
1666679257202819074
1666679931647188992
1666682291165229056
1666686182904975360
1666686869801713664
1666687580484808704
1666689379371294721
1666691541237129218
1666693938953035777
1666694735564554246
1666696188660269056
1666700123911467009
1666701300292018177
1666701448653033472
1666701502805692417
1666707584126967813
1666708775410057218
1666708845069058049
1666709242470883330
1666710766316142595
1666711969905164289
1666712279457452032
1666713807798906881
1666713820000124929
1666715890627248128
1666716594393808896
1666717829708541952
1666720219694260227
1666722220801134592
1666723961416339456
1666725793911775232
1666726912121794560
1666727427748384769
1666728661767053313
1666729238404255745
1666729555116326914
1666729700939689984
1666734134201401344
1666736854119469061
1666737853651632132
1666737890355736578
1666739428742643715
1666741777208844288
1666742182932250624
1666743910230532096
1666744706208788480
1666746556526067713
1666756150753218560
1666756338683113472
1666758824911417350
1666760930112225281
1666760944393887746
1666763477816410116
1666764744596811780
1666765519817416705
1666765978191921153
1666766693639520259
1666767106770182151
1666767421732970498
1666768364641964032
1666768425929285632
1666768820759937025
1666769132224643072
1666773303032266754
1666774838436851714
1666776182803578881
1666778165988167680
1666781286155911181
1666782766787096578
1666783372906045440
1666783763865452544
1666784037778718721
1666784556114903040
1666785272984379394
1666785662337523712
1666786105088266244
1666788631749566464
1666792333826719745
1666792333826719745
1666792333826719745
1666792333826719745
1666792333826719745
1666792570251296768
1666793694664507395
1666795662568988673
1666795662568988673
1666795959936745473
1666797344417824773
1666798528138711040
1666798533159055360
1666799678099423233
1666799927480184840
1666803623072788481
1666804015898972162
1666804148967276544
1666805954304958466
1666808385210298372
1666809362877403149
1666810161896497154
1666810497017184256
1666811066914062343
1666811508725280775
1666813763268542464
1666814339637219329
1666815188824395781
1666815299403026434
1666817602168184833
1666817860726034432
1666819431039922185
1666819711114575877
1666820222291148806
1666821167754399747
1666821461636702210
1666822054400921603
1666822460485017603
1666822994944212993
1666825299969933313
1666827192959918080
1666827290490073089
1666827290490073089
1666827290490073089
1666827430261141504
1666827689511227394
1666829414833815552
1666829571864313858
1666830782533435394
1666831398395674627
1666831636259024900
1666832004296613888
1666832884106240002
1666832884106240002
1666832884106240002
1666832884106240002
1666832884106240002
1666832884106240002
1666832884106240002
1666832884106240002
1666832884106240002
1666832884106240002
1666832884106240002
1666832884106240002
1666832884106240002
1666832884106240002
1666833007531925507
1666834991911780352
1666835921788960778
1666836211460079622
1666836390556889088
1666837494212468740
1666837751390453762
1666838022887727105
1666838724406116354
1666839787850825728
1666840445136130051
1666840795775639554
1666840917255368707
1666841415177912325
1666844039566508032
1666844703784935424
1666845315708727306
1666845936822235155
1666846025691037696
1666852633074708501
1666853517213016065
1666853953374396416
1666856089906819095
1666857967415701511
1666857967415701511
1666857967415701511
1666861647720218635
1666861674840588294
1666861998909292544
1666862488187461634
1666862941344530434
1666865610423255040
1666866827857723392
1666868118055014402
1666868910514380800
1666869544005292033
1666869553756884993
1666870308626628628
1666870638231814157
1666871575956848641
1666872626302550036
1666872723979612160
1666873591491592214
1666874327269101568
1666877180406530058
1666877943795073024
1666878717208182786
1666879845614092308
1666880252205727747
1666880591994683398
1666880661339111430
1666880904629714985
1666881143809900558
1666882359025598481
1666882838568763394
1666885580536307725
1666885731455754252
1666889475396345856
1666889710776598529
1666890265456439297
1666890309131722757
1666890489944055813
1666890556415303690
1666891502675451909
1666892328806625281
1666893656047902746
1666894059187625996
1666894368911810581
1666894911843491858
1666898078647869454
1666898227885494272
1666900667196411904
1666901855610232855
1666902493740032022
1666902958796070919
1666903078761553935
1666904560131268608
1666904560131268608
1666904834325241876
1666906894169153536
1666907336013905920
1666907609172004864
1666907609172004864
1666910636213694465
1666911254672203779
1666911571870711811
1666912044765806597
1666912311565582337
1666912686683086848
1666912994188558337
1666912994188558337
1666915880435949570
1666918380765421569
1666919187338653697
1666920267271266304
1666920492383584256
1666921250072023040
1666921250072023040
1666922463312191494
1666923351384653826
1666923623603380232
1666924538779557890
1666925228243517443
1666926889938612224
1666926905105297409
1666926903922491393
1666926906308952066
1666927656506408962
1666928089140547588
1666929039460691972
1666929915965370370
1666930295789039624
1666930461010976769
1666933255877296128
1666934403442851843
1666934733329121282
1666936556114804739
1666936693012959233
1666937174959292418
1666937373920223232
1666937828385718272
1666938921584848900
1666940294472843268
1666942140545482753
1666946508329975811
1666946972379410435
1666947347908050947
1666947651906990080
1666947882463657984
1666948369384710146
1666952664293208071
1666955639833210900
1666956909558087684
