1665146461045108738
1665148450168619011
1665149038667399168
1665155428689272833
1665179465528274944
1665226929895624704
1665228866200256514
1665256402418388992
1665270275296960513
1665273525005959172
1665274769514590210
1665275324119109632
1665279723868667904
1665300516891402241
1665304158122000385
1665309182063529984
1665311659798274048
1665312365447970818
1665313567187386368
1665313651715104772
1665316471562444800
1665321666455523331
1665323690584686593
1665325796754444288
1665329335656411136
1665331067195211779
1665333333440487425
1665333428038795264
1665333682045894657
1665334907722186753
1665339197585084417
1665339197585084417
1665345553096400899
1665347372811993088
1665347822995079169
1665352739335860224
1665355893150564352
1665360044550914048
1665365289247096832
1665365349301211136
1665365385988784128
1665367836108247045
1665368107521646594
1665377286189711360
1665380336530862081
1665384464950624259
1665385713259388928
1665386614007250947
1665388486734802944
1665388920429846529
1665390476944449537
1665390476944449537
1665394451022483459
1665395359227494400
1665395653675974656
1665396723810811905
1665407977807814656
1665418580085596160
1665418580085596160
1665424233449545732
1665427546110935041
1665437007441436673
1665438150867517441
1665445177194889218
1665445369474424835
1665446294142214144
1665450375288180738
1665463824734879744
1665466008331591680
1665468005310947333
1665469158127984641
1665471702724222982
1665471721497821187
1665474053648404480
1665474507161600001
1665476012799557632
1665480218444800000
1665480218444800000
1665480218444800000
1665480218444800000
1665481864654585857
1665492022180839424
