1607896752253800450
1607902464489193472
1607904097675386882
1607904108098224128
1607904125697789952
1607904129904435200
1607904132416905216
1607904139060858882
1607904146132172801
1607904152184836096
1607904160090918912
1607904159243583489
1607911359194464257
1607911711947751426
1607911711700385796
1607919173585215489
1607919189775327232
1607919206343020545
1607919213011763201
1607919216635543552
1607919224642584578
1607919236210466816
1607919259962998784
1607920033182654464
1607928027601575939
1607934283842482180
1607934290972807169
1607934299063345153
1607934309222191104
1607934321687412736
1607934318575497218
1607934318374195200
1607934324309123073
1607934354663313408
1607934356680499201
1607943350245806081
1607946790707556353
1607948019562942464
1607949386595680256
1607949389758189568
1607949411723747328
1607949416186396678
1607949423778070529
1607949422109024257
1607949449069985797
1607949448705085440
1607949448071593985
1607956763466145795
1607962207303647233
1607963292760428544
1607964516188405761
1607964519988432899
1607964521926385665
1607964538254532609
1607964545305149441
1607964551152300034
1607964550380544001
1607964556583751681
1607966972683358208
1607968794651295745
1607979618383921153
1607979618010599425
1607979623606018050
1607979623333384193
1607979622519414784
1607979628878090241
1607979637052678145
1607979641075306498
1607979647987318785
1607979645911146496
1607981043537117184
1607988573462040577
1607993407653249027
1607994694411194369
1607994699360468997
1607994707401142273
1607994715789733888
1607994717135933440
1607994716553097217
1607994723633074176
1607994733632319489
1607994751835594752
1607994756973596672
1608000293597503488
1608006003320328194
1608007046259146753
1608007080467652609
1608008802883997699
1608009810087186433
1608009807868432386
1608009827510370305
1608009825132380160
1608009828424896513
1608009836154732544
1608009835609718786
1608009835127398401
1608009839665631232
1608011264894328838
1608014071391191042
1608015691965251586
1608022983423000577
1608024471226699777
1608024911825584128
1608024918276415488
1608024915696926721
1608024945053044738
1608024946097225728
1608024944394514433
1608024949926809606
1608024953663926277
1608026868258578436
1608027118624980993
1608027353862606848
1608032847666741248
1608034072466440195
1608037469668139009
1608040018261467136
1608040016218923010
1608040020832550912
1608040029200486402
1608040033168289796
1608040031775789059
1608040031746236416
1608040041556889602
1608042561481891840
1608044212938850305
1608044919716814849
1608048616681119746
1608050749359149067
1608051545689493505
1608052099841163265
1608052339612557312
1608053816787886081
1608054090453458945
1608055127008485377
1608055133060927491
1608055144486240256
1608055144389791744
1608055143647399938
1608055146084462592
1608055150165245952
1608055147896385542
1608055148831727617
1608055152568635392
1608057057118195715
1608057792585404417
1608058931821117440
1608058931632377859
1608060563732721665
1608060628094025728
1608062416385966080
1608066488446996481
1608067704224681984
1608069371447877634
1608069684867305474
1608070210405425153
1608070221398433797
1608070220912164866
1608070221650165761
1608070231196418048
1608070236447580160
1608070236137488384
1608070239241244673
1608070253870718980
1608070253845647361
1608071811308167168
1608073432385691650
1608077466475835394
1608079355481137152
1608080700040675328
1608080975262523392
1608082481353494528
1608082570700275712
1608082875185827844
1608085310407155714
1608085312831365120
1608085320628867072
1608085321727741953
1608085325959802880
1608085341612785665
1608085341457743872
1608085349179219969
1608085347845525504
1608085350924124162
1608088134406774785
1608093353295446016
1608097365696684032
1608098811599110144
1608099792357576704
1608099888604094466
1608100400346849281
1608100406084739077
1608100409784111106
1608100415752794118
1608100415236898822
1608100413114576898
1608100419007299584
1608100422572441602
1608100438406008832
1608100453463773184
1608100570581110784
1608102648619597824
1608105196290281474
1608107559956746241
1608107711694094336
1608109791184027649
1608112408878551042
1608113555861118978
1608113617563521026
1608115472435941376
1608115505679802370
1608115513275604998
1608115516756869123
1608115524554170368
1608115529759457281
1608115534947667969
1608115545878196232
1608117504450387968
1608117856134402049
1608118965481488388
1608119788697538560
1608119978598825988
1608121767146541056
1608123528187871232
1608126053263843328
1608127929334075393
1608128605044736002
1608130411061805058
1608130613428555779
1608130619736719362
1608130622597525505
1608130624203677701
1608130639362162688
1608130637592166401
1608130641778053120
1608130646026633216
1608130652204941313
1608130651743735813
1608131206167625736
1608132471736119300
1608132492455776257
1608133080228794368
1608133663123820545
1608135582907088896
1608137060568686595
1608137490954866689
1608141852766601217
1608143263403319297
1608143696343580672
1608143728279158784
1608144549758525440
1608145162236055553
1608145358970048512
1608145714785157121
1608145712834920448
1608145733454004225
1608145742925037568
1608145742300053504
1608145741679153153
1608145748348276736
1608145749384265729
1608147881969557504
1608148530153095173
1608149615924359169
1608150362501914624
1608155815201984513
1608158067878674433
1608159151892451328
1608160208572002305
1608160810731175941
1608160824618799106
1608160824434262017
1608160824224350208
1608160828871827458
1608160833426571268
1608160833196158976
1608160835469250562
1608160845325811712
1608167493150904321
1608169354117496833
1608172177320206337
1608172227111026689
1608175170983714817
1608175751588712448
1608175925106974721
1608175922959499265
1608175929477718017
1608175928823382017
1608175927929835520
1608175932262744064
1608175943683641345
1608175950398894080
1608176031294177288
1608177138301079552
1608177311588777984
1608177352525189124
1608177474600419328
1608186196194107393
1608188216384823303
1608190610485149699
1608191018889007104
1608191024828125185
1608191031505293313
1608191036358008832
1608191038870671360
1608191042867630080
1608191046692884486
1608191050182434817
1608191048408334336
1608191592489422848
1608194443986731008
1608194898951344130
1608195268587196416
1608196054209683456
1608198913022136320
1608199414967066624
1608199509544255489
1608202933207719943
1608205691873034240
1608206112305577985
1608206118672531456
1608206123265409036
1608206121369767937
1608206129774952449
1608206136221782019
1608206141699526656
1608206146887880705
1608206146816413696
1608206777820086272
1608207700730544130
1608208224934850561
1608214806296682497
1608215976712994817
1608216436823965696
1608219516357562376
1608221213490565120
1608221214945714176
1608221219807191041
1608221223091146754
1608221228623331328
1608221231148584960
1608221230766727168
1608221239285526528
1608221243643142144
1608221249515257860
1608222690057359360
1608228858217594881
1608228867680141312
1608235039342620673
1608235875367804928
1608235875367804928
1608235875367804928
1608236310720049152
1608236317455929345
1608236324376518657
1608236322711564288
1608236327337607168
1608236326016651264
1608236329569251328
1608236330915332097
1608236340243582978
1608236914255056897
1608237602800369664
1608238769970315267
1608239583678062592
1608239949689520133
1608240130195611651
1608251419261370372
1608251418556743681
1608251422344155136
1608251426433548288
1608251425355595776
1608251433450868736
1608251439394029570
1608251440778342401
1608251445010120705
