1608976650737274883
1608982832596291584
1608991284957696000
1608991291693727744
1608991300870893569
1608991306004705280
1608991314800148482
1608991324199616513
1608991322639302657
1608995477827063810
1608997458599895040
1609000801552277505
1609006279493574657
1609006375572541446
1609006375333498880
1609006379641044993
1609006385123201024
1609006386733522945
1609006397747875840
1609006396967907329
1609006411157229572
1609006407172648962
1609006422905298945
1609010582136492032
1609011512248500224
1609014090630041600
1609017811590066177
1609021458390437892
1609021464921116672
1609021471342338048
1609021475822108672
1609021481916432392
1609021488316968964
1609021494553608194
1609021504242475013
1609021514426220544
1609021738775646208
1609025141333438465
1609027031693684737
1609032251081097216
1609036588599726081
1609036589568516096
1609036593863577601
1609036612461297666
1609036611202985984
1609036618232659968
1609036617469100033
1609036621902647298
1609036619784519685
1609038762675167232
1609041633303212033
1609048325436887041
1609048844821737480
1609051097406242816
1609051608448483328
1609051621744574465
1609051643198443522
1609051657467465729
1609051673632071680
1609051700265996288
1609051708688330752
1609051705752289280
1609051719417331713
1609061536701743105
1609065090640236544
1609066217280602117
1609066750326329345
1609066761923485696
1609066764301922305
1609066769213186048
1609066773780856833
1609066774812819458
1609066778671599616
1609066788972822529
1609066804395085827
1609066811047251968
1609070818373537792
1609081855571107842
1609081868351336448
1609081876781703168
1609081887208644610
1609081888030744578
1609081907912007680
1609081912626233344
1609081921052545024
1609081920368828416
1609083885975109633
1609087629156294656
1609089487405207552
1609091585840381957
1609096122727034880
1609096944399302657
1609096961080049665
1609096960803491841
1609096975693004801
1609096990620622850
1609096988037115905
1609097002440081409
1609097011889938435
1609097009809752067
1609097020819804161
1609097980161703936
1609101372992937984
1609103615809191936
1609104901014945793
1609105955697967104
1609108839823216640
1609111663759736832
1609112069034360834
1609112071291170817
1609112082951045123
1609112089490083841
1609112089322201089
1609112097060782080
1609112101506760707
1609112104992182273
1609112118476902400
1609112117981990915
1609115893254037505
1609116022052618249
1609118386742501377
1609118870580633607
1609121781117497345
1609122949881012225
1609124010314399744
1609126193504178176
1609127181388578817
1609127190091956224
1609127196693565443
1609127196177604609
1609127195380748288
1609127206445322240
1609127205350813696
1609127209180225537
1609127213621723136
1609129029340401665
1609129658435440641
1609138764097396736
1609138895668625408
1609142002087518208
1609142264944820229
1609142269096902657
1609142271672479744
1609142269428350978
1609142274302042112
1609142277644992514
1609142290005774336
1609142305755172864
1609142304073195520
1609142307139518466
1609144577939709952
1609147402442924033
1609153714442444800
1609154593799143425
1609157254011396096
1609157375059189769
1609157380700344322
1609157380369006592
1609157378263359489
1609157384772911108
1609157386651975680
1609157387801223169
1609157400493260800
1609157403747942400
1609161312826703874
1609162147090636800
1609162363223134210
1609163846958354433
1609168228189601792
1609169443187302401
1609171141695873024
1609171714633506817
1609172004506308608
1609172505494802433
1609172504442015749
1609172511450611716
1609172511081615361
1609172511891095555
1609172516093792257
1609172515443847168
1609174315542499329
1609177105086009351
1609180394414379012
1609181249163382786
1609182749474324485
1609184090649145344
1609184834097758209
1609185752943927296
1609187604414754816
1609187603932413953
1609187603781193731
1609187608533278722
1609187607593816066
1609187611872038912
1609187612291436546
1609187610403954691
1609187617760808960
1609187617626529792
1609188836340285440
1609189629655420928
1609189774706835457
1609189774706835457
1609192581241389056
1609192798888071168
1609193288615006209
1609193971548393474
1609194462768500736
1609196861809737728
1609198202439311363
1609200472455536640
1609201424440639491
1609201826317959168
1609202699236528132
1609202704093483009
1609202708438814721
1609202706807390209
1609202705540464640
1609202712268181506
1609202709890215938
1609202715560665093
1609202713274753025
1609202715829145600
1609204248947949571
1609211609154568193
1609212287889604610
1609217088916230149
1609217795614740481
1609217797984231427
1609217796113588224
1609217803277701124
1609217801331544065
1609217800979251200
1609217808985899010
1609217816418189313
1609217814769934336
1609217813012680706
1609222250036600833
1609224198580224000
1609225125311700995
1609227890348134402
1609229155270545408
1609231322790215680
1609232104771944451
1609232885621620743
1609232887601061888
1609232894375112705
1609232891795623939
1609232891724054528
1609232899169202176
1609232907171958784
1609232913811259392
1609232912683249664
1609232917791662081
1609234654200008705
1609237205909741568
1609237326810546176
1609238344361181184
1609239789164810242
1609239854386225157
1609244560806531072
1609246202331111425
1609247983371177986
1609247987775209472
1609247991088680960
1609247992321638400
1609247994251206659
1609248002761457664
1609247999787507712
1609248007270158336
1609248007475662848
1609252744799621120
1609256544964583425
1609257763313520642
1609259667351535616
1609259846800384002
1609261697943871488
1609262689045422080
1609263092730589186
1609263097235099650
1609263097038123009
1609263094982746112
1609263094454263810
1609263100678574085
1609263100418527233
1609263098539511808
1609263112074711040
1609263632394723329
1609264432894586880
1609266072158363649
1609267359335997440
1609267361693175808
1609267457637711874
1609267662076485632
1609268349447331840
1609272728686559232
1609273167280803842
1609274303949996034
1609275657279737859
1609278171098288128
1609278173631365120
1609278182993334272
1609278181755813891
1609278193302740993
1609278192296292354
1609278202966409218
1609278214416879617
1609279734860357633
1609283135258198026
1609283436564582400
1609284225252921346
1609284289182457856
1609284751508279296
1609289802133950465
1609293296886497280
1609293298551689218
1609293299822755842
1609293306672074753
1609293306122440706
1609293310798995458
1609293310350479365
1609293313378750464
1609293310132101120
1609296429763424259
1609297133542277122
1609297245131739136
1609298102300590081
1609301670512721920
1609302415999913985
1609304664620531716
1609305196332552194
1609305855299567617
1609306191762493441
1609306856320638976
1609307258277478401
1609307861380730882
1609308391976878090
1609308390165221376
1609308392979316739
1609308400898412545
1609308402622291969
1609308404983398406
1609308408804700161
1609308407193899010
1609308410792808448
1609309220498710528
1609312827868876801
1609313631656615937
1609314624343531522
1609315797226360832
1609317670972948480
1609318761462390784
1609319189952761857
1609319369997275136
1609320140369174529
1609320250453131265
1609320987618643969
1609321342922276865
1609321772448452609
1609321957782163456
1609323462698622976
1609323462040121344
1609323460911845376
1609323472622325760
1609323478200586241
1609323481660801029
1609323479752638464
1609323496512913408
1609323502875693058
1609323506445045772
1609327301929623552
1609328903629176836
1609337125891088385
1609338237889425413
1609338576726007816
1609338579217416194
1609338587715182592
1609338594975522816
1609338608539803650
1609338608384622592
1609338604815355904
1609338611329114112
1609338608552394756
1609338608946929664
