1606077237186510852
1606085115125370881
1606092128664244226
1606092188563169280
1606092195286876160
1606092203096526849
1606092210310520832
1606092216761466881
1606092215767298048
1606092214228205568
1606092217189367808
1606092217528905729
1606093106910224385
1606095699157782529
1606096872824774657
1606097575949602816
1606099133407830016
1606099194560667648
1606100107501244416
1606103689063604224
1606103906731167744
1606106765338103808
1606107073376227328
1606107130594856962
1606107281954811905
1606107288292544519
1606107287885467648
1606107293996634112
1606107300846047232
1606107310681600001
1606107316322938880
1606107315333042179
1606112772567101441
1606112999445393408
1606113478154293248
1606118686967881728
1606122365728854016
1606122362008748032
1606122370355417089
1606122374876737536
1606122375543754752
1606122388416073731
1606122395189710848
1606122413254533120
1606122414332694531
1606122805572927491
1606124759963488256
1606126408589144070
1606127400323948545
1606128880942690305
1606132781385334784
1606135221635911680
1606137476304830464
1606137482046713857
1606137483279958016
1606137483132928000
1606137489227673600
1606137498039623680
1606137495371988992
1606137501080358913
1606137511528611840
1606137510446256128
1606141080910680064
1606152530404286465
1606152550943641602
1606152559307153410
1606152557923127297
1606152565053394945
1606152581339832320
1606152580077191169
1606152608858529792
1606152616312020993
1606157968520904704
1606162701645905920
1606167680498556929
1606167691047362560
1606167689688498176
1606167700970958848
1606167703139385344
1606167709946744832
1606167716624306181
1606167971738619906
1606168704756158464
1606180735173419009
1606180984260628480
1606181451912937473
1606182773479407616
1606182777895862273
1606182782077734917
1606182783688200192
1606182805775347714
1606182804408004608
1606182810443665410
1606182817771057152
1606182817729224704
1606190558233260034
1606191164213936128
1606193667990962176
1606197875389652993
1606197882683392000
1606197884575223809
1606197889201541120
1606197894008053761
1606197904854552576
1606197907425738752
1606197917588500481
1606201056710447104
1606201661248049153
1606201756702195712
1606203258711642113
1606204857974542336
1606205670344179714
1606209752773513216
1606209956092461057
1606211901989404672
1606212399719030784
1606212995041878017
1606213000452399104
1606212999974363139
1606212998212849666
1606213003766005761
1606213001631207424
1606213007901696001
1606213007150682112
1606213011563196418
1606213009902252032
1606213016491413507
1606213015350562817
1606213580847620096
1606217351107690496
1606217538852904960
1606218988509401090
1606219142339493889
1606220895927746560
1606222325438828549
1606223085136494593
1606224955292585984
1606227510823370752
1606228078732230656
1606228079495495681
1606228080355184640
1606228093705678848
1606228097740804098
1606228104367575040
1606228111934296065
1606228115344297984
1606228113146449923
1606228479871045633
1606229882962419713
1606232494428237824
1606235198244286464
1606236580615577602
1606238597517955072
1606239943596072960
1606243182525779977
1606243180009209857
1606243187764252673
1606243187651141637
1606243194177323009
1606243191577088001
1606243203497205760
1606243201924349958
1606243201681178627
1606243207678869504
1606243215568506881
1606243213240434688
1606243656138051585
1606250835071090688
1606252783790739456
1606253266555359234
1606253517122830336
1606255158693806080
1606255944010149890
1606256138390892545
1606258136037343232
1606258275934244864
1606258282414215168
1606258293705297920
1606258293663465473
1606258292992270337
1606258298419904519
1606258302408527873
1606258309522083841
1606258311438905344
1606258312692973568
1606259055244230656
1606262789323968512
1606263597662842886
1606265798506340353
1606266889344372738
1606268896935174145
1606270369022738434
1606270783424061441
1606271544950415363
1606272119574122496
1606273389743575040
1606273392004382720
1606273399214379008
1606273399721930753
1606273405954785280
1606273403815542784
1606273410425815041
1606273410279133191
1606273414267797504
1606273417640042497
1606274027902771205
1606278357485658117
1606281055329304576
1606285302124843008
1606287519942815744
1606288486344011779
1606288487786872832
1606288486784413696
1606288491410661376
1606288497001627649
1606288495953297409
1606288508577906688
1606288507743240193
1606288512466259969
1606288518975787008
1606288529805299713
1606288674840256512
1606290050882228225
1606290279052374016
1606292262207496192
1606294799283257344
1606296224868376576
1606297762084950017
1606298221264785409
1606303204727308290
1606303574777991169
1606303572861235202
1606303579005861894
1606303583904866311
1606303596810629120
1606303599797026816
1606303604846927874
1606303604171759622
1606303602640920579
1606311352879837185
1606313556630278144
1606315829464772609
1606318670099009536
1606318683894083584
1606318693327175680
1606318700285624322
1606318700210143232
1606318699908153344
1606318701615017984
1606318707978178566
1606321243443105792
1606322289879851015
1606323748285530117
1606326005840363520
1606326768184459266
1606327028151717889
1606327695666724873
1606327876923465730
1606329685503344640
1606330683667779599
1606331220354383873
1606332484005859333
1606333798156832771
1606333803424784385
1606333803282272260
1606333809120743431
1606333808835317760
1606333808235511808
1606333812727840768
1606333810714370053
1606333810253111296
1606335625610686465
1606337567757963264
1606338611749654528
1606339440020000779
1606341390312411138
1606342884302630914
1606344285032517648
1606348532054491136
1606348889933565952
1606348892886503443
1606348904269631488
1606348904215171072
1606348902742953985
1606348901325213697
1606348905209368590
1606348905129676807
1606348909537787905
1606348919507750931
1606361310467219456
1606363961988874243
1606363973745508365
1606363972654989320
1606363994754777111
1606363993672585217
1606363994297597968
1606363999548866562
1606364002111602688
1606364004301013006
1606364009158025216
1606367192294883328
1606367334930665472
1606370352388444160
1606375011538898946
1606377530596163584
1606379076847108099
1606379075467153427
1606379077585215488
1606379092990988288
1606379096120098816
1606379100918145026
1606379106194624516
1606379110799794176
1606382274039189516
1606383645090058251
1606393825093722115
1606394175733342226
1606394189750706192
1606394193169076225
1606394191227101184
1606394195450765318
1606394200005652480
1606394199175319553
1606394199120781317
1606394207073091584
1606397014018732032
1606406132830019595
1606406179604897798
1606406684712353792
1606407616686694418
1606409284090494976
1606409288418828299
1606409287777099779
1606409295129726976
1606409295041794048
1606409301907709953
1606409299034611736
1606409305519005725
1606409309725810688
1606410174444576789
1606410277582512154
1606411226333995008
1606419508172034048
1606424373363195907
1606424374847979521
1606424379235205121
1606424379000295424
1606424381521002496
1606424389050044416
1606424392749178880
1606424401435672577
1606424400835870720
1606424403524329475
1606427763895943169
1606431264285892608
1606438612270448640
1606439471305695232
1606439476305301504
1606439481183461379
1606439487373967361
1606439492755378176
1606439490951970816
1606439493141151745
1606439503115198469
1606439502150619136
1606439504088535040
