1606803551812218880
1606816940890128384
1606816940760219648
1606816941682860032
1606816952789635073
1606816978366332928
1606816981130563584
1606816990198480899
1606816996141694976
1606820844172345347
1606825313014800384
1606832011917905920
1606832015323561986
1606832028833529858
1606832029928230913
1606832036098236417
1606832038451068928
1606832051910762496
1606832063491235840
1606832083942391808
1606832093811834880
1606838929621131271
1606843013220732928
1606844047670366212
1606846414558035969
1606846930713182214
1606847103120072704
1606847131666481154
1606847130806755329
1606847139736608768
1606847149341347840
1606847179309678592
1606847180106784768
1606847188998524938
1606847194216144897
1606849736169881601
1606862207966670852
1606862207886794754
1606862214085885953
1606862216577388544
1606862239448834049
1606862261242531840
1606862273875791872
1606862293626925056
1606862293433815042
1606873275426308096
1606877285621141504
1606877293846335489
1606877299332317184
1606877336263327744
1606877339534909440
1606877339299749889
1606877372082438146
1606877391087099904
1606885462043512832
1606889671019175937
1606892401104400384
1606892403960549376
1606892402794536966
1606892433660411904
1606892445593382912
1606892452547526700
1606892467781083137
1606892488559566848
1606907309472768003
1606907309472768003
1606907499575132160
1606907503702335489
1606907506294652929
1606907521058623488
1606907528155385860
1606907534840942593
1606907562947141632
1606907576607977474
1606907581733425154
1606907590709055488
1606908169669804033
1606908277350334465
1606908475552174082
1606908650660171776
1606909229994225666
1606915145028042754
1606916277246771200
1606918631178354689
1606919110385979392
1606919185396899843
1606920795749756928
1606921258763014144
1606921612800167938
1606921979747078144
1606922648990408705
1606922662881918977
1606922661233594368
1606922664677081089
1606922671236997121
1606922670779797505
1606922676223807488
1606922677519896576
1606922687179366400
1606923659683237891
1606924432949354497
1606924808771477505
1606925279339089920
1606930246116286464
1606930568058396673
1606933783080570882
1606933947576991744
1606934066162696192
1606934239689469952
1606934643848413184
1606937402097950724
1606937736145145859
1606937760027508736
1606937767413682176
1606937776104038400
1606937776041385984
1606937772295868416
1606937780281647105
1606937778339684354
1606937783603548160
1606940276572184577
1606940415059525632
1606941923557744641
1606946372120444930
1606948040858021894
1606950413932138496
1606950959628058625
1606951079559692288
1606951655601209344
1606952832220930051
1606952837828825088
1606952836495020033
1606952851154296832
1606952864873844737
1606952877549056001
1606952882812882945
1606952892476407808
1606952888550715392
1606954369945157635
1606956604456402945
1606956982434672646
1606959294125346817
1606959637760299009
1606960412095926272
1606966596001755136
1606967360904200192
1606967952867213312
1606967951814713346
1606967957141262338
1606967954700177410
1606967965026590720
1606967970286407681
1606967973390217216
1606967977408364545
1606967984555233280
1606967991572520966
1606969644493033475
1606972609496842241
1606973583733006336
1606976752202698752
1606977674169171968
1606977770885898241
1606979067072622592
1606979216683241474
1606979221728944128
1606980576057196546
1606981558761656322
1606981865541632000
1606982259726323713
1606982938381402112
1606983042811269121
1606983041770987522
1606983048184184832
1606983052579991561
1606983060561752064
1606983067184267264
1606983077581946881
1606983082439241728
1606984564299251712
1606984862342483969
1606987430263160832
1606990085097914369
1606990667590369280
1606991814732709889
1606992170476793858
1606992250713653249
1606998153261088775
1606998150413172738
1606998153718284288
1606998165588254721
1606998164581801986
1606998164070084608
1606998163767889921
1606998162719244290
1606998166485835781
1606998186190868480
1606998327010246656
1606998477371805700
1607006407932395521
1607006703546941443
1607011749160521728
1607012114010411008
1607012267983503361
1607013267461009408
1607013267251027968
1607013266898788352
1607013272921821184
1607013279326703617
1607013284800233472
1607013284191916034
1607013289908932613
1607013289334038528
1607013288763588608
1607013692322848776
1607013955163279360
1607016390279716867
1607022493264494593
1607023849283149824
1607028346583683072
1607028351646015494
1607028350693826562
1607028354833842176
1607028356037640192
1607028373162987520
1607028372999385088
1607028375708733441
1607029185628758016
1607030585242931200
1607035890450432002
1607036909963907072
1607038938996260866
1607042248142721024
1607042429907259392
1607043146784841728
1607043429195825158
1607043431410302976
1607043441690542080
1607043440126181376
1607043445679439873
1607043450251415553
1607043472631939072
1607043471910764549
1607043482048417792
1607043488423579650
1607044453478326275
1607053690468179969
1607057582308335617
1607057892276068352
1607058541961007105
1607058538781720576
1607058539356340228
1607058544087519233
1607058552690024455
1607058555600871427
1607058568943136769
1607058568662102016
1607059470596870145
1607059498677727232
1607063748077883392
1607064602646388736
1607066779804913665
1607067031115026432
1607067379279724544
1607067398158393345
1607067568476413954
1607067757530746880
1607068025802616833
1607069015058403328
1607071788609032192
1607073634039865345
1607073641426194433
1607073650536058880
1607073654734745600
1607073653002489863
1607073673994997761
1607073678868594688
1607073678365265921
1607073684807876608
1607075576929558529
1607076029239115786
1607079390239948801
1607079563678388228
1607081616999956482
1607081705587855363
1607084567302754306
1607085784238006278
1607088189617106946
1607088762462547968
1607088765511794690
1607088767650729985
1607088767344726016
1607088772029599745
1607089953892364290
1607090992301363200
1607092461771395073
1607094487364288516
1607095055625646081
1607095442751488000
1607098433088942080
1607100109698760712
1607100439941775360
1607102783735599104
1607103024371216384
1607103828385759232
1607103826292613121
1607103839684988930
1607103849030123520
1607103848296108032
1607103855959101440
1607103860304400384
1607109153004335106
1607114603091091461
1607115208425865216
1607115804788805632
1607118946884550658
1607118946402017282
1607118949719867393
1607118959983136769
1607118959941148674
1607118964332560384
1607118973740666883
1607118971089653760
1607118979465875456
1607118979360858114
1607119290456473608
1607120864906018817
1607120973488181248
1607122643505000448
1607123544990973952
1607123623227129858
1607130706316267520
1607131790438957057
1607131795627151362
1607132416883445761
1607132702813159426
1607134052066246663
1607134056797413377
1607134056357011463
1607134073134419968
1607134071553130496
1607134076095598592
1607134074984071168
1607134078696034306
1607134078217641985
1607134085280940033
1607136803248537602
1607139683393503233
1607144601713840129
1607146210389000193
1607147269295570944
1607148440911507456
1607148978717556736
1607149143784308737
1607149150126370818
1607149162398629889
1607149168362938368
1607149173844877313
1607149902340956160
1607149989830221825
1607151473535733761
1607155207183400962
1607156315243294720
1607159500917858305
1607161996386136065
1607164245896200193
1607164246848344064
1607164250451070976
1607164256226791424
1607164261108776960
1607164276963430401
1607164276183281664
1607164278339174400
