1610439455638433792
1610440768560455680
1610440798255955968
1610440804207853569
1610440815549075456
1610440821459030016
1610440827913789440
1610440835098714113
1610440852991795200
1610440857425154048
1610440867902525441
1610440879747080194
1610442829901484033
1610446783381123073
1610450025032699904
1610455850711240717
1610455856747008000
1610455871729041408
1610455875260383234
1610455886480154626
1610455898211729411
1610455914519330817
1610455955665485825
1610455973142925313
1610463777828356100
1610465786874707969
1610467486872309762
1610467698596536320
1610468946423029762
1610470991087411200
1610471013715787777
1610471021769027584
1610471025346478080
1610471024893509632
1610471044237721600
1610471041679384576
1610471067377704961
1610471074486943746
1610471070880104450
1610471606442147841
1610472997080686593
1610479057161814017
1610481793576189953
1610484208383807488
1610486078682857472
1610486089659322369
1610486113789173760
1610486122139770880
1610486126699241477
1610486135280799746
1610486138568835072
1610486149394620422
1610486165236514819
1610490916912996353
1610497666512830464
1610497851406311425
1610501021205204993
1610501221647003649
1610501225153429505
1610501230068891648
1610501244405030912
1610501257646735368
1610501264063832064
1610503791203205121
1610507522196242432
1610509973963870209
1610516221715447809
1610516286957846529
1610516293995712513
1610516303290433536
1610516318515503104
1610516322680713216
1610516319291449345
1610516334223437824
1610516348148260866
1610516363545550848
1610516543905071107
1610517828393897984
1610527583354904577
1610530554096541698
1610531433147400195
1610531442613977088
1610531444987957248
1610531450125795329
1610531454865346560
1610531464881348611
1610531471328006144
1610531470795227138
1610531470619316224
1610534424743141376
1610540702659932161
1610541880030408705
1610546514203394048
1610546514027323400
1610546518292893696
1610546541000888322
1610546555139903489
1610546557727952898
1610546557664862210
1610546562882478082
1610546567689437185
1610546565554241536
1610549252911947777
1610550084344635393
1610554124319313922
1610554726461882368
1610555992030199812
1610559116484771840
1610561560627347459
1610561632958136320
1610561641438920706
1610561640180727808
1610561638234570753
1610561646207934467
1610561643276292098
1610561663299633154
1610561666776809473
1610561671092736001
1610562607483682823
1610570650556706817
1610571329668784129
1610572301199904770
1610574199915163651
1610574944043245570
1610576713657843712
1610576717156089859
1610576724789694465
1610576721903865859
1610576731160600578
1610576731622236162
1610576739188772864
1610576757928738821
1610576759128489984
1610576769756561415
1610580456419872769
1610581706494427138
1610583133312671744
1610587312395632642
1610587513596547073
1610587879754842115
1610588287806095363
1610588670330867712
1610588929635262469
1610589180517842944
1610591714833739777
1610591818101424132
1610591817237405697
1610591831649124352
1610591837063987201
1610591853505818625
1610591852800917504
1610591861919318018
1610591858924654592
1610591867216748547
1610591870304006152
1610595568652263425
1610600179572391937
1610600487438483456
1610601492112723968
1610602319506477058
1610602934114344960
1610604575727419393
1610604940379963392
1610605456032161793
1610606603367063552
1610606934150766592
1610606933714817024
1610606947790913540
1610606947778138112
1610606954535059457
1610606955344855040
1610606965281157123
1610606965000138752
1610606969739427843
1610607813121957888
1610608207881277440
1610611962488012802
1610612239656181763
1610612239656181763
1610612239656181763
1610612357620969481
1610613219592134657
1610615789693853697
1610615978831773698
1610617483811082244
1610619489061568515
1610621992192954368
1610621997305810944
1610622002900996098
1610622013994844162
1610622017853849601
1610622020168859649
1610622024921096197
1610622030403211265
1610625832258617344
1610631193451692032
1610635146574848001
1610635245434593282
1610635833811554305
1610637070581604353
1610637135366819846
1610637134850826240
1610637136583340037
1610637136679800833
1610637144279732226
1610637145970216960
1610637151766708224
1610637160276795405
1610637158821384192
1610637164328386560
1610637312127270912
1610640541187772416
1610641609644703753
1610642072872128512
1610644267579609090
1610646448479285249
1610647285318270977
1610648288784707584
1610648388512657413
1610648432166707200
1610649793272942596
1610650121657585665
1610652191966085120
1610652198874107905
1610652207489191936
1610652216263643137
1610652225952522241
1610652230318985217
1610652234160951296
1610652261004316672
1610659379522551810
1610659997418930176
1610660852033519619
1610666326992773122
1610667324188823553
1610667330651963395
1610667337740337153
1610667336607977473
1610667342152994816
1610667349799059459
1610667347597234176
1610667358926012416
1610667839941185537
1610669379292917767
1610669673762246666
1610679194413076480
1610679445530054659
1610679870337552384
1610682187782692864
1610682446311297036
1610682449616314368
1610682449272475661
1610682452313530370
1610682456885309442
1610682460265746442
1610682460223995908
1610682463478550528
1610682465978388480
1610682464451854336
1610684112691499008
1610686269230845952
1610686605014011905
1610686641693413376
1610687346701221891
1610688345813966849
1610690761070358530
1610691109801398296
1610691648450695173
1610691683271979009
1610691713231720460
1610692036654501914
1610694187824943107
1610694952983629824
1610696262759718913
1610697093227724802
1610697532564291589
1610697535701630977
1610697533755658240
1610697538721705986
1610697541372239874
1610697550901690373
1610697557038047233
1610697559386849282
1610697561836519424
1610697565032574976
1610698459400765440
1610698966890323969
1610700269460852736
1610703031997284363
1610703505144135687
1610703526409437184
1610704773208064018
1610706151745765395
1610706888064393222
1610706966363488268
1610708276978622464
1610712614723633185
1610712614107238402
1610712624181743616
1610712623166914560
1610712626132140036
1610712628640333844
1610712639977537536
1610712646810058757
1610712658948542464
1610712683439067136
1610713494843801641
1610713799295893506
1610715337107947553
1610717280945553431
1610717335995793414
1610719160371232805
1610720309442928641
1610721277945282560
1610725126407847941
1610725750893576207
1610727740554072065
1610727738310000652
1610727738071224320
1610727744417173504
1610727744224083969
1610727747629760512
1610727746929311745
1610727749936611338
1610727754302881818
1610727754257027073
1610728291219931153
1610729151597510665
1610729751756570626
1610730585604882440
1610731158102212626
1610733363718914074
1610734837450539036
1610740211473842179
1610741110430629905
1610742066098602019
1610742822558105613
1610742827243143192
1610742826744283137
1610742828359110656
1610742836290555904
1610742833144528917
1610742832666652679
1610742837099757579
1610742841302458368
1610742854967492609
1610746398210723856
1610746634526154754
1610748338327937025
1610749513215651842
1610750888221757440
1610757918772629515
1610757920991629313
1610757923822571535
1610757932333039616
1610757936439250950
1610757941837107203
1610757946480406530
1610757953367248914
1610757963551236099
1610758589882433536
1610758950487740416
1610761379551809538
1610762921331531776
1610769668423258113
1610773035253997569
1610773036944293889
1610773036826857479
1610773036709588992
1610773044016066567
1610773054895935490
1610773052823846914
1610773059396579332
1610773062626193408
1610776379800289281
1610777400383520768
1610777864332247043
1610778074743808000
1610784678855995392
1610785051733790721
1610788104620605440
1610788107997122560
1610788118663151617
1610788122387976192
1610788128230445058
1610788132554960897
1610788138078842880
1610788140641406976
1610788146886606848
