1612240282602414080
1612243713735942144
1612250472663945216
1612251951143714818
1612252758622760961
1612252763647270914
1612252766927290370
1612252777601765377
1612252793410043906
1612252794341269504
1612252795008065536
1612252808962797569
1612252814822236160
1612267825133162499
1612267842929586176
1612267868476825601
1612267896784420865
1612267899812732928
1612267903939907584
1612267907488030720
1612267913498574849
1612267912001163265
1612272393359331328
1612273276767858689
1612277841546317826
1612278421358317570
1612279262630842368
1612279272504283145
1612279535533436928
1612279862059798529
1612282925944569856
1612282942067466240
1612282954117529602
1612282957020147715
1612282961399001091
1612282968734838785
1612282976821182465
1612282976813084674
1612282992147267585
1612283005267050497
1612287842910191618
1612291558233223168
1612294829874221059
1612295299120222210
1612297438055866368
1612298035492720642
1612298042572476416
1612298048733954050
1612298068233158656
1612298067939831808
1612298086272876545
1612298095068323844
1612298103003938817
1612304823331819522
1612313119711272961
1612313139147853824
1612313148450803715
1612313163508350977
1612313170584141825
1612313169778642946
1612313172974931970
1612313172383338496
1612313198815854593
1612313202037227520
1612319956661583873
1612324093029937156
1612326999279960071
1612327181115441155
1612328257793437699
1612328255377358848
1612328262558187520
1612328267364581376
1612328282313166850
1612328295680602114
1612328293784485888
1612328296943087616
1612328303029022720
1612328305394425856
1612329862454444032
1612330973386969088
1612333515953311744
1612334025586376709
1612336403567853576
1612337912091217920
1612342737805664258
1612342973559377922
1612343107198287875
1612343364430471168
1612343362346008576
1612343367815266304
1612343377160290305
1612343377374351361
1612343394130345984
1612343399142809600
1612343399004180484
1612343408000995329
1612348516801859585
1612357912592015360
1612358460770770946
1612358462855434240
1612358470455496705
1612358486901559298
1612358490701565952
1612358497663913984
1612358507608637440
1612358510637101058
1612358509365952520
1612358509210779649
1612360837511151625
1612363306634715136
1612364484189868033
1612364480293359616
1612367253382594562
1612367783643451392
1612369755351965699
1612370218348646401
1612371299975790592
1612371737198448640
1612373263740731394
1612373570369323009
1612373571753361413
1612373576820363268
1612373582499254272
1612373589755412481
1612373597816856579
1612373598643097601
1612373748610486273
1612375122039508993
1612376993814966274
1612377859942645763
1612380699054731266
1612383112071094277
1612383879939395584
1612386673643372544
1612387271868547073
1612388680609439744
1612388683679961089
1612388685080657921
1612388691200118784
1612388699643285506
1612388699521564673
1612388705112850432
1612388710439616512
1612388707436318727
1612388710397497349
1612391178430808064
1612393819361738753
1612396659664736258
1612399565369376768
1612401261084835846
1612401298497851392
1612401817001787392
1612403181895520258
1612403360052969473
1612403771786534913
1612403783811612677
1612403788522098689
1612403793055911939
1612403790845460480
1612403795862097920
1612403798043152386
1612403803445202952
1612403808742539264
1612403806016503809
1612405407191912454
1612406849130594304
1612407199392796672
1612408633811427328
1612410025242238977
1612411119091724289
1612411124841910272
1612411589508096000
1612412607750893572
1612412683109777408
1612414531921117184
1612416551982092288
1612418480720019456
1612418882903359489
1612418887987134471
1612418886455918593
1612418885461868545
1612418892604887043
1612418888662228992
1612418888716750848
1612418893246521344
1612418904097161217
1612418908140761089
1612420228448755713
1612420825382019072
1612423277879721987
1612428632995303425
1612433955092942849
1612433964853231616
1612433969949147136
1612433969722818560
1612433977109000192
1612433982867603457
1612433980879503360
1612433985983975424
1612433999099568130
1612434494664892417
1612434798710239232
1612438706366865410
1612440567543398400
1612441139230949378
1612444202213703681
1612445692286451714
1612446184915836934
1612448531221970944
1612449079623311361
1612449085855866881
1612449086296276992
1612449090872266753
1612449089517412353
1612449088452153344
1612449099772579840
1612449099055304704
1612449099021705216
1612449101878108162
1612449893435703304
1612454167276052480
1612454481592983552
1612455742857961474
1612460429003067392
1612460584594989058
1612461088557371394
1612461123793719299
1612461407244533763
1612464185321074689
1612464184712650754
1612464189616054272
1612464188064161799
1612464187971887104
1612464192388304901
1612464202383253504
1612464203763163137
1612467706996858882
1612473451784044546
1612476742207406082
1612477855673339904
1612479278402134017
1612479286170066944
1612479283720585216
1612479287327875073
1612479294252675072
1612479306021892100
1612479305178570753
1612479303765348354
1612481092182806529
1612484439279341581
1612484648705327108
1612487179212570631
1612487956056489984
1612488279475032072
1612490531178745862
1612490633159053320
1612493248890642434
1612494371114389506
1612494370283917334
1612494377389006848
1612494375145160704
1612494378584375296
1612494389389197312
1612494387505946625
1612494396452372481
1612494405570789377
1612494532280520736
1612495045281648647
1612499242295169049
1612503423248904193
1612504280207921179
1612507773882753027
1612508919825596417
1612509463348486145
1612509468612247555
1612509467177803790
1612509475402833928
1612509489126866946
1612509486203432962
1612509491894837248
1612509494914736135
1612509499096539136
1612513584872841220
1612517241106358298
1612517247699779585
1612517256205852677
1612518829208264704
1612520391502860289
1612520828549332993
1612523158191366185
1612524214522634241
1612524575522422785
1612524573550862356
1612524573190152195
1612524572514869261
1612524581763559425
1612524592328761372
1612524590315495439
1612524597882261504
1612524603993387008
1612524906737983516
1612526600330829849
1612526746179362837
1612534242046783488
1612535671515652106
1612537210254786564
1612537589625679874
1612538742979313665
1612539057044594706
1612539211244093440
1612539679709995020
1612539677529055232
1612539684143648768
1612539688752930816
1612539686081236992
1612539692465152000
1612539703533907968
1612539702417948676
1612539703533924352
1612539702589923341
1612542197500448769
1612549561607917568
1612549922292748288
1612551214234738694
1612551775663300613
1612552634468016134
1612552781092605952
1612554364555612162
1612554674120413200
1612554757662560274
1612554763853496320
1612554771604426764
1612554776847454208
1612554776650174465
1612554791619645446
1612554798611431424
1612555371742220296
1612556635737841664
1612560276548902917
1612561425016279063
1612562161532022784
1612565356962365440
1612565937785393167
1612566875682099206
1612569156787879937
1612569857383452688
1612569856666398721
1612569861552590863
1612569859036008489
1612569864534917120
1612569878585835521
1612569881068666880
1612569903508393985
1612571079909822501
1612572038446698528
1612575573527744514
1612584968408158208
1612584967791419393
1612584977887285325
1612584977765470208
1612584982924378121
1612584993846444032
1612584993309577217
1612584992772657152
1612585003010891780
1612586355305111552
1612589268089851904
1612591883267481600
1612593429116080129
1612597399171780610
1612600027083575297
1612600039402266624
1612600046674919425
1612600063003336704
1612600065981308929
1612600077503135744
1612600078954532865
1612600078803279873
1612600086311374848
1612600102228557824
