1614050678590013447
1614053687445389317
1614056443564654595
1614057302876721153
1614062245855768576
1614063094669664257
1614064684776275969
1614064685266919424
1614064684940034050
1614064690627514368
1614064703151697920
1614064735758045184
1614064735426871296
1614064741772664836
1614064744075526145
1614064750270324737
1614079763802476544
1614079768248336384
1614079780525162496
1614079795389759488
1614079807482122242
1614079809214373890
1614079812544462848
1614079827925172226
1614079835156144131
1614079839023296512
1614080393434796033
1614082931492016129
1614094897363185664
1614094901649768448
1614094910256291841
1614094922805837825
1614094926358409216
1614094933765554176
1614094940451254273
1614094943529598977
1614094941403353094
1614105990546300928
1614107415955312640
1614109974883438592
1614109979275034626
1614110000065945600
1614110002599563264
1614110017644273667
1614110024644857858
1614110024393195521
1614110039974838272
1614110041157820419
1614110045972697090
1614125069537808386
1614125074893910017
1614125074075848704
1614125082624032768
1614125091914395648
1614125106024042497
1614125115867906048
1614125121425534978
1614125137598496769
1614125144695504897
1614126675243192321
1614129811177316353
1614138256169254912
1614140174430253057
1614140176829190144
1614140189190021120
1614140200753430530
1614140230679896065
1614140229946077191
1614140244848173056
1614140247352434689
1614145094386585603
1614147802707156993
1614151434957725701
1614154483516276736
1614155005304487936
1614155250696331264
1614155275262431233
1614155294455513089
1614155297412743168
1614155298721206272
1614155312209993729
1614155337640120320
1614155344665579522
1614162321084923905
1614165968909127697
1614169167783157761
1614169579575549952
1614169698391801856
1614170394566467584
1614170401952743424
1614170407866703873
1614170417102721075
1614170413248188417
1614170419694825474
1614170430318993408
1614170440519278592
1614170448442363906
1614175999951765507
1614182002810396672
1614183055492780035
1614183552857391106
1614185216985436167
1614185507121930244
1614185510666375168
1614185518908211200
1614185516970147840
1614185529335255041
1614185526604562432
1614185538340241409
1614185543142887425
1614185549027500034
1614185546540109824
1614186685805506561
1614189803263725571
1614190101633933313
1614194866342318081
1614195267091177472
1614197442810888198
1614199244566454272
1614200089207050243
1614200608827019264
1614200614602391553
1614200616640811009
1614200623083450369
1614200622584143872
1614200621057380352
1614200625331408897
1614200640041017345
1614200641790038016
1614200646307295235
1614201916405460992
1614204897792266241
1614210865523494913
1614212772144750593
1614212924725424130
1614215714256334855
1614215716839759872
1614215716621910019
1614215720107114498
1614215728084680704
1614215745180770304
1614215743226224640
1614215742500511744
1614215749375254530
1614215749173940224
1614216565821415424
1614223085984485377
1614225407360008193
1614228327467827200
1614228362423144448
1614230390486740992
1614230839964958723
1614230839906426880
1614230839730241538
1614230837083492352
1614230836752121862
1614230840895995906
1614230846029848577
1614230845904285696
1614230851046326280
1614231181528293378
1614231487150276611
1614234534072950785
1614234536459603972
1614234539055792128
1614237669222907905
1614240355616002048
1614243856697987074
1614244766254006273
1614244917248679936
1614245197516517376
1614245247508221952
1614245260716118016
1614245698492370944
1614245861021872129
1614245917254717442
1614245922862673920
1614245930135392257
1614245935428653061
1614245934283591680
1614245937542565888
1614245935843786754
1614245943569780739
1614245942588235777
1614245941544103937
1614247923902021632
1614248513499455488
1614248847189876741
1614248947245109249
1614249176346546176
1614249268122103809
1614249344571416580
1614249540047065095
1614253542226939904
1614254850572980226
1614255484562989056
1614256081135439872
1614258753204797440
1614259464999141378
1614260999904792578
1614261007504838659
1614261014148665346
1614261013930737664
1614261015969165312
1614261016849702912
1614261018972278784
1614261026555400192
1614261036382818304
1614261041222877184
1614263292813254657
1614265019256143872
1614265502863618049
1614266794654441473
1614267210792312832
1614268394936713216
1614268867840471040
1614271924028297216
1614272013639589888
1614272120594333699
1614272300207017984
1614272849866534913
1614273836379160576
1614274737131360256
1614274845633826817
1614275058922389506
1614275153424416769
1614276021527744519
1614276116730068992
1614276119259144193
1614276123277529092
1614276127077371906
1614276126846717953
1614276131624042496
1614276136175042560
1614276138204815361
1614276141610864641
1614278034760122369
1614278549732528132
1614281359521873975
1614282137443647488
1614285486381727744
1614286027681669120
1614289511407575040
1614289717125685251
1614289933463879682
1614290136921001984
1614290649322233856
1614290930739150853
1614291237410070528
1614291236629745664
1614291236076093440
1614291234469851136
1614291242120085504
1614291241037926402
1614291240799072258
1614291241084002304
1614291246805123078
1614291243592306689
1614291472031023104
1614297294953750528
1614297489565155335
1614300171386638336
1614300559342804994
1614302383332376577
1614302757346844673
1614303136574734340
1614304005362159616
1614304147225935873
1614304468383797248
1614306332743434240
1614306337105629185
1614306334706438147
1614306341790650368
1614306341455106055
1614306341270523904
1614306340524158976
1614306339593019392
1614306346194583555
1614306343871217664
1614307017031647232
1614309254831144961
1614310039199653888
1614311129727074305
1614311864606887937
1614312312487165952
1614313488763219979
1614314028326608899
1614314552493051906
1614319331990544385
1614319592771387397
1614319689718530049
1614320372848934913
1614321435127779329
1614321435362873345
1614321440496717824
1614321438621679619
1614321437799772161
1614321443181039616
1614321441926791168
1614321445257236480
1614321549523255296
1614321579109801989
1614324419454795776
1614330066355224577
1614330361189904384
1614330373030440961
1614331870451273729
1614332399298482177
1614333642683154433
1614334989838974977
1614336035298705409
1614336180828491777
1614336532189700096
1614336530285318148
1614336529274654720
1614336534974533633
1614336534546620418
1614336536061046785
1614336540993372166
1614336540276137987
1614336539831451650
1614336538384666625
1614338013705928704
1614339331627405316
1614342394610126849
1614345787302969346
1614345951006625793
1614346602155769863
1614347639931432960
1614348509792067585
1614351625279401986
1614351631243427842
1614351629888946181
1614351628894617602
1614351635269967873
1614351634943053825
1614351634011942912
1614351640496308226
1614351642744299521
1614351642463272965
1614354347680305157
1614354919678701569
1614358429144940547
1614358707181322241
1614358865004429315
1614362969026199559
1614365625496764417
1614366215098757120
1614366726099193856
1614366725004492801
1614366724228542464
1614366729651605504
1614366729039224832
1614366734517153794
1614366739428691969
1614366738249809921
1614366741684969472
1614366772597071877
1614372407510269952
1614372553086074882
1614373527657844737
1614374294225551365
1614377323805175808
1614379765284179968
1614381821835329537
1614381828672192514
1614381829305294849
1614381834783318017
1614381833088794624
1614381836179759104
1614381838524465155
1614381840512745472
1614381842395983874
1614384193102020608
1614393088818171904
1614396923212976128
1614396930502852608
1614396934403526656
1614396936794083328
1614396936081100800
1614396935573753857
1614396939604205568
1614404427670061063
1614406828431114240
1614407896472719361
1614408226216214542
1614410370394849280
1614411797217349633
1614411942290149377
1614412004436987904
1614412008018804737
1614412007268122626
1614412006546612225
1614412028310917120
1614412036221304832
1614412041770471431
1614412041309011968
1614412038750539778
