1611523319957790721
1611527968777551874
1611527976092405761
1611527980869623809
1611528009495740421
1611528024582934529
1611528030890991617
1611528028600913922
1611528039162314752
1611528036624760832
1611528268230045698
1611533180837990405
1611543067831554048
1611543074391609345
1611543072353181697
1611543085070319618
1611543091365773312
1611543093186072576
1611543128896569345
1611543134583881736
1611543134067884032
1611543134890266626
1611548554438348801
1611549056488071168
1611553679139643393
1611554058015236096
1611555580430413826
1611556823596781571
1611557981270978560
1611557978934759427
1611558193376940032
1611558198196207619
1611558205770895360
1611558205578178560
1611558205900873729
1611558210913148928
1611558216391077888
1611558222472552454
1611560173650198528
1611561897777577986
1611569356110008320
1611571857689546757
1611573111790657540
1611573253931429888
1611573278245810177
1611573280791748608
1611573282440089600
1611573291084558336
1611573293831622656
1611573293802192901
1611573321983827977
1611573331160956928
1611578111975632897
1611578337109086209
1611579064090857475
1611588172173168640
1611588332185849857
1611588335545507842
1611588358270029830
1611588364960141313
1611588381636452354
1611588380395032582
1611588390419300353
1611588411944570880
1611588427207827456
1611591498138542081
1611592431576940552
1611603449635901442
1611603463699398656
1611603468703367171
1611603470632759296
1611603490920607744
1611603506515017728
1611603507928350721
1611603524051156995
1611603521266122752
1611603524403736581
1611603871008423936
1611604376275288064
1611617286875389953
1611618468192980995
1611618614855208960
1611618615962308610
1611618626708148224
1611618629958631425
1611618635990155265
1611618635423817729
1611618635260338178
1611618634081746944
1611622361689628677
1611624467834314753
1611625947018723329
1611629598311079936
1611630317802078210
1611631546930192385
1611633672452538370
1611633694250356737
1611633699803598858
1611633706229288961
1611633707697283073
1611633713376382977
1611633716312301569
1611633732984737793
1611635539643629568
1611635875623870464
1611636065709735936
1611638351437910016
1611639319319511040
1611639665416720387
1611641675444518912
1611643996555673600
1611644343856553985
1611644676393807876
1611647493187538945
1611647510564536326
1611647886789328896
1611647991185645568
1611648800690511873
1611648804725334017
1611648809284653056
1611648807661408256
1611648807162286080
1611648818428141569
1611648817266585601
1611648815957680129
1611648825243967490
1611649181688504326
1611649370864209922
1611652246457950212
1611652627372339200
1611655593311207424
1611656909123108864
1611657776446558208
1611658020685242368
1611660908551454720
1611661067658334209
1611662643072503812
1611663892538871809
1611663908221190147
1611663912436469760
1611663913552314369
1611663916546891779
1611663915712188416
1611663915234082818
1611663920367812610
1611663926235652097
1611663923652042760
1611663923509592066
1611665409584893953
1611665823516561408
1611666523176796160
1611666749543354370
1611666931215376385
1611668967466369025
1611669368294834176
1611676651146072065
1611677317507551232
1611677539478523913
1611678820624650240
1611678954703708160
1611678972848345090
1611678977109770242
1611678977856516101
1611678995803766785
1611678993094447105
1611679007640096769
1611679013218488321
1611679018742419457
1611679026816376832
1611679034274111488
1611680763581169664
1611682663139774472
1611692814957428737
1611694063589236737
1611694063249416197
1611694065199857665
1611694081863712768
1611694092156559361
1611694097865265152
1611694128646995968
1611694125648121859
1611694131587256320
1611694698690924544
1611694809416073217
1611697913096175619
1611699803041177600
1611701468108820483
1611704442281156608
1611707128640577537
1611707233280163840
1611709194994057221
1611709191500234753
1611709195975331840
1611709202359091200
1611709215487270912
1611709218486378498
1611709228745461762
1611709233283715072
1611711876932444160
1611713677782093825
1611715333664002048
1611715789626687488
1611716015720734722
1611716066228436992
1611718060993290242
1611720889334202368
1611721055663448064
1611722595199750144
1611723075627745280
1611723673697755136
1611724296291770368
1611724295683854338
1611724301404868609
1611724300209295361
1611724307197198337
1611724316311273473
1611724320119877638
1611724323336617986
1611724332757323776
1611724421655588869
1611726909003399168
1611731419801214977
1611732630424133632
1611738569516761090
1611739307491876866
1611739400911654912
1611739404799979522
1611739410495639555
1611739409245941760
1611739415382233089
1611739412756299776
1611739418913820672
1611739418951581698
1611739416518709248
1611739426056704000
1611741617722990592
1611743043123552257
1611747233929756672
1611747612603961346
1611752254133911555
1611753469710409730
1611754501316411394
1611754508991750150
1611754507788029953
1611754507016503296
1611754506999730176
1611754511713943553
1611754511953010688
1611754517196079105
1611754531800367105
1611754528730120196
1611761130828972032
1611765278462906368
1611765983726780418
1611769590907912195
1611769599271342081
1611769599355133953
1611769602756825089
1611769609836793860
1611769608704245760
1611769612672159744
1611769613930450947
1611769616220491777
1611769623065628672
1611773411201814528
1611773941198061573
1611776249965477893
1611777614783422466
1611777874977255427
1611780548091064320
1611780728437755904
1611781555071979520
1611781906676285441
1611784580654305286
1611784700057485314
1611784698996424704
1611784704658923522
1611784703551442944
1611784706659319808
1611784711180849153
1611784717690621953
1611784722052530178
1611784722857840641
1611784966622388226
1611787037966729222
1611787332612493315
1611789563000659973
1611794831453392896
1611795650684796929
1611795855870406656
1611798888389779456
1611799805117825024
1611799807764606976
1611799805746978817
1611799809853202432
1611799814832025606
1611799814529863683
1611799816153042945
1611799818451488771
1611799826039029760
1611799823765708801
1611799822377304064
1611800514613633024
1611803089635344384
1611804335838580736
1611806168619311104
1611807752518791171
1611808790097309696
1611810103379771398
1611811524204437504
1611812895662264320
1611814224132464643
1611814276980772869
1611814886815703041
1611814891865636864
1611814890494099458
1611814889785364481
1611814903127638016
1611814906088628226
1611814916419358722
1611814915416940546
1611814914183811072
1611814922874126340
1611815867968274434
1611817129006727170
1611819983788544005
1611821136806821890
1611821372057026565
1611823530618019840
1611824267628318723
1611827149115392000
1611828439572680704
1611829771641528320
1611830007332220928
1611830006551805952
1611830020724461568
1611830017419538433
1611830021781323786
1611830027502424064
1611830026848329730
1611830026697310208
1611830025548099584
1611830025338101766
1611833098878201856
1611833451874865154
1611838519567347714
1611842023329304576
1611844831013179392
1611844947107266561
1611845105974902784
1611845104519766019
1611845105954029570
1611845113667551232
1611845113495314434
1611845119426150401
1611845118046216195
1611845124467703808
1611845123104440320
1611845120974008320
1611846949807734789
1611847797510393858
1611848860191653889
1611852534376812544
1611854220331995137
1611855038409842693
1611856509628973061
1611856602788925440
1611860137408450560
1611860181385723911
1611860185861206016
1611860187434057728
1611860187387727872
1611860210120810496
1611860208795672577
1611860213115809795
1611860222548606982
1611860227380355076
1611860498135547904
1611872001517387776
1611872819108888583
1611875013820583936
1611875275377098752
1611875279219359744
1611875283065311233
1611875289218404354
1611875288560046080
1611875301360812034
1611875315076268033
1611875317458800641
1611875316783251456
1611875326031986689
