1612600722863886338
1612602722745831426
1612604197815390209
1612615132957540352
1612615143829176322
1612615140884582400
1612615147520143361
1612615171364761601
1612615176037040131
1612615175995293696
1612615185889370115
1612615188326252546
1612629031660441603
1612630195554639873
1612630220032409606
1612630218711130113
1612630237736734721
1612630247668678657
1612630247392018439
1612630278274703362
1612639211219451904
1612642078432821248
1612645338934054912
1612645335654096896
1612645342641520642
1612645355807731713
1612645362988376065
1612645372589133826
1612645379501363203
1612645380801593344
1612645383141736448
1612645399893778434
1612652461000429569
1612655470296158215
1612658131477360641
1612658733452267520
1612659859194781696
1612660327392608257
1612660391867478016
1612660418576809986
1612660430610087937
1612660461312303104
1612660460414799873
1612660484347686915
1612660490055913472
1612675483782488064
1612675489818181633
1612675495509778441
1612675507925176320
1612675519203491840
1612675558550142977
1612675555354107904
1612675579089924096
1612675576040685568
1612675582562828289
1612680440585850881
1612684861978054660
1612688473692962816
1612690656027197440
1612690661140226048
1612690663019089920
1612690666697494528
1612690667871916032
1612690667515547651
1612690674159157248
1612690675958697984
1612690691322449921
1612694326710079488
1612695860462161921
1612696940973789184
1612697431220559874
1612697736926855170
1612698482141450240
1612704707625066502
1612705674961604608
1612705734889820160
1612705755055939584
1612705762253410304
1612705768729608194
1612705768616218625
1612705771871162370
1612705779680788480
1612705782327377920
1612705783786967040
1612705799222054913
1612714494261866496
1612720617916170240
1612720623859425280
1612720835504254978
1612720836804501505
1612720847361286144
1612720852151271424
1612720854047100929
1612720860015775745
1612720875727462402
1612720883789094916
1612720895633821698
1612722240042278913
1612731385994674176
1612733922487435264
1612733987918594048
1612734166831083520
1612735947631730694
1612735949108285443
1612735955609309185
1612735957740015616
1612735962370424832
1612735971451371522
1612735978015264768
1612735990736556033
1612735994222215169
1612735996403290114
1612744222062280711
1612746474013564929
1612749352774291456
1612751057490165760
1612751066487033856
1612751077300146176
1612751090000490496
1612751087940804611
1612751093888335874
1612751097474732038
1612751094857273345
1612751094626533379
1612751961341759488
1612759203659276295
1612762394735902720
1612762933607424002
1612765766838849536
1612766177402523648
1612766180607164416
1612766179273375746
1612766182230073344
1612766185728184321
1612766185715793921
1612766192321568771
1612766197853855745
1612766195152834562
1612772424143237122
1612772852322770944
1612773583960576003
1612776625447358464
1612781267413614594
1612781266448879616
1612781269489979394
1612781273587789832
1612781280193552385
1612781276645445633
1612781288733155328
1612781287672012801
1612781291841196033
1612781297197371394
1612781461895254017
1612782266345787392
1612783085963169794
1612783251286003713
1612786480275132416
1612787107147161600
1612787703820713985
1612791562336878595
1612792423628902400
1612794266367000577
1612796365750370307
1612796370414440448
1612796369701412874
1612796369458053120
1612796372947804161
1612796383186100224
1612796382586499078
1612796386482741255
1612796385199362052
1612796393386840064
1612797714579787778
1612799736599265285
1612806501197922304
1612808359748452352
1612809291660136449
1612811246079819776
1612811455673286657
1612811464326234112
1612811465408352256
1612811469778731012
1612811473478160385
1612811483217272833
1612811484282642440
1612811488900554757
1612812886757326848
1612813151732486148
1612813510785867777
1612813512455102466
1612813853825593347
1612816839565778949
1612817307658604544
1612817903430123520
1612820586530578432
1612821718657294342
1612822717614653441
1612826532858175489
1612826567368970241
1612826571144073219
1612826579150798850
1612826575740993536
1612826581545754625
1612826579390070785
1612826584880119808
1612826588160090112
1612826594933866497
1612826591775842304
1612826895535558656
1612830040500338689
1612838766435000321
1612838870462128131
1612839021473841153
1612839079384698881
1612839384105074689
1612840138614403073
1612841408066363393
1612841546021232641
1612841648051855360
1612841653869645826
1612841661360640001
1612841669056921603
1612841676527239170
1612841689051455493
1612841688891883521
1612841688568938497
1612842096045457408
1612842333925691395
1612842625136054272
1612846503835635712
1612846539503816704
1612848966848188420
1612849461767577600
1612852723396874245
1612852802199461888
1612853946338447361
1612855127488040965
1612856618366177282
1612856737828147205
1612856745155596307
1612856758992764929
1612856770325774336
1612856771177058344
1612856780438081562
1612856781474267136
1612856786171695111
1612856790059814915
1612856792001777673
1612858038972567552
1612859898043273257
1612862290788847618
1612862946127876103
1612863603027185667
1612863640327131159
1612867673532305408
1612867827643420690
1612868078223917056
1612868679334563846
1612868752164687872
1612868981685162013
1612870726427594756
1612871859753689088
1612871868033437696
1612871871111827468
1612871876732407808
1612871874211463169
1612871876585394182
1612871881404874752
1612871880264024069
1612871882935570432
1612873017805180933
1612873280591122432
1612874068172361729
1612874235751370765
1612874663775899650
1612876423923900417
1612877570600751104
1612879485682200576
1612880756614828057
1612881940817842184
1612885762764312576
1612886329498669056
1612886933121732619
1612886963387785217
1612886968647442432
1612886965241712662
1612886972141342730
1612886971872907272
1612886974683090958
1612886978739027968
1612886983415631880
1612886989292081152
1612886989967327233
1612887138739097609
1612888583865569303
1612890497844117507
1612892790375211013
1612893605647028231
1612897031655129088
1612900809070596096
1612901615606063104
1612901795764002817
1612901852299026432
1612902070746767360
1612902069886656530
1612902076358475782
1612902075998023681
1612902075926454275
1612902074953469952
1612902080032677889
1612902081773314048
1612902081836318721
1612902089780518912
1612902179769032708
1612904500871692288
1612910582595723278
1612910719803990016
1612911819504640000
1612912315883470848
1612912675020742666
1612913737492471813
1612914293170642950
1612914615725203475
1612914738123382789
1612916295724421120
1612917160871104512
1612917167669780512
1612917166193385508
1612917164712796178
1612917170412855325
1612917168399581184
1612917175609606144
1612917180789563436
1612917189958311959
1612917666410274827
1612921517100367872
1612925490314240001
1612926865299197952
1612927087454609410
1612928407683358720
1612930587341332481
1612931715713974275
1612932265226678273
1612932264903716865
1612932274420580352
1612932277675372550
1612932276081377283
1612932276546899969
1612932280862883840
1612932285384331266
1612932290761326593
1612939246582603776
1612939296893448192
1612940084575076355
1612944622677811208
1612947331095187459
1612947329593507841
1612947345397751808
1612947345175465988
1612947354105090048
1612947356047052800
1612947366683807745
1612947375999385601
1612947382710292480
1612947388276310016
1612949390280523776
1612962435568226309
1612962448583131136
1612962449795186688
1612962457525305346
1612962460046352386
1612962458196496385
1612962472813817856
1612962482343010305
