1613325202498412546
1613325613795770371
1613330279825014784
1613331240941195264
1613332526583672837
1613334309972381696
1613339932549943300
1613339943056871426
1613339948270108672
1613339946529718274
1613339952095367171
1613339960408670208
1613339960186376192
1613339958965862401
1613339963822571520
1613340730524672000
1613344945397698565
1613346864924958720
1613347734039449601
1613351672230858752
1613353001690726400
1613353855240241158
1613355009030119425
1613355021181063168
1613355025476222977
1613355024440233984
1613355032145178626
1613355042563653634
1613355049887100929
1613355058250514433
1613355070615175168
1613360443170652161
1613364220308979712
1613364801442549762
1613367257089933312
1613370119408996352
1613370124173545472
1613370138471849985
1613370136865669121
1613370156364840961
1613370153332244480
1613370159166787584
1613370164111622144
1613370176895942656
1613373860128198656
1613375584478072833
1613379016668639232
1613385195553685504
1613385215640244225
1613385231763136512
1613385231276609539
1613385237744029698
1613385240109780993
1613385244593242112
1613385255787929601
1613385273823399937
1613389612965302272
1613390329524387846
1613390994065559553
1613396814614372353
1613397805355405316
1613400330477404161
1613400330120708102
1613400329567232000
1613400327658606597
1613400327105187841
1613400333794918401
1613400343077081089
1613400354305245188
1613400367282401284
1613401311722213376
1613404152473722880
1613404781644505089
1613409055875162113
1613411777068294144
1613412790966050818
1613414481815543813
1613415423927812099
1613415440633536513
1613415445897281537
1613415445436190720
1613415445255819267
1613415449147973632
1613415454868996096
1613415457649790978
1613415469993848832
1613415476184469504
1613416402500870144
1613417029691912192
1613421834564673543
1613423854092943361
1613429875305586688
1613430288092385280
1613430535212105728
1613430540266524676
1613430550236401664
1613430549347008514
1613430555852283904
1613430562236112896
1613430561217056768
1613430559996354561
1613430575347503104
1613430571807703041
1613430578753273856
1613433461498331137
1613433697583222786
1613435740662153216
1613436205995294720
1613437250339049472
1613437972283523072
1613439887264423937
1613440186561724417
1613440767187369985
1613441868980965376
1613442102897123330
1613443246302310401
1613444947344068610
1613445575147397120
1613445649516593153
1613445648950386688
1613445648694624258
1613445655552479235
1613445659671285765
1613445665949876225
1613445669636968449
1613445669175582720
1613445674841808908
1613445672262311936
1613448587773628416
1613450618579861504
1613455291760402432
1613455338795159554
1613456729659801601
1613457300634898433
1613459708580347904
1613460164035633152
1613460749128548360
1613460746905714688
1613460753117241344
1613460749862723584
1613460752911794176
1613460756103847936
1613460761300328449
1613460758523682816
1613460764852903936
1613461157896921088
1613463313391955969
1613465870608760833
1613466517516984320
1613468388134617089
1613470891186294786
1613474277134684160
1613474950249054209
1613475332715352064
1613475372112150529
1613475828561584129
1613475835041693702
1613475840427450368
1613475837193461761
1613475845909118976
1613475854281248770
1613475857263124480
1613475859729469440
1613475858219507712
1613475862007144449
1613476378912952320
1613478517735407616
1613481082573455361
1613486976665092096
1613487460893458433
1613490787748319232
1613490935039401986
1613490931763916801
1613490937962926084
1613490944015466497
1613490941490352129
1613490947207086081
1613490949627469825
1613490950839439360
1613490958049632258
1613490971752153089
1613491478617112578
1613499930596999171
1613500894846279680
1613501661523345410
1613504299279200262
1613505893785808897
1613505931844923392
1613506038765871104
1613506040363974656
1613506041068810240
1613506046395310082
1613506051122552832
1613506048748388357
1613506059359993857
1613506070055456768
1613506072584544257
1613507888395198464
1613508275542147072
1613513778418556928
1613516291511287810
1613516774460297217
1613519749794652161
1613519915570315272
1613521143851515906
1613521150893764608
1613521152562892803
1613521163564744704
1613521172523798531
1613521171466846208
1613521169218670592
1613521168794882048
1613522933485289472
1613523043078344704
1613523554020085760
1613526708883169280
1613526752642437120
1613529071941726210
1613530818454097920
1613531657130201090
1613532041458466816
1613533507002712070
1613535313984380928
1613535902973689857
1613536189650448385
1613536258625617922
1613536257321091072
1613536263046307844
1613536261268017152
1613536260835999745
1613536259841875968
1613536267114782720
1613536271695060992
1613536268851331115
1613536460346478592
1613537267242438659
1613537452907499520
1613539318508802054
1613539809103855619
1613545671025475584
1613547239091146756
1613548148798148608
1613548785392656387
1613551349731364864
1613551348980805633
1613551348460716032
1613551354626310145
1613551353439326208
1613551357100949504
1613551355351928832
1613551361286901761
1613551414499844098
1613553037422862336
1613553600109723649
1613558977215832064
1613561879544086530
1613562309678358531
1613566317486870528
1613566457396199424
1613566456947699713
1613566461360103426
1613566461049462786
1613566466653327360
1613566465004941312
1613566462865641473
1613566462978916356
1613567339210981387
1613567503472508929
1613568651642249216
1613571585478217730
1613572993246007302
1613575907716866048
1613576376405168140
1613576592563011585
1613577147494404104
1613577360179335169
1613579612696580096
1613580767971639296
1613581547864576006
1613581554604806144
1613581557188497431
1613581559797518336
1613581561974198281
1613581565564522514
1613581565379973120
1613581565300441089
1613581568752386048
1613581569398116352
1613581782980431872
1613584385491730434
1613587217888468992
1613589292500283393
1613591602714247168
1613592011986325506
1613592011986325506
1613592534755704847
1613595634409394177
1613596259075358726
1613596644561518592
1613596644368318473
1613596648781025280
1613596650030628874
1613596649749872642
1613596654745321472
1613596654514438144
1613596659425869829
1613596658515988480
1613596664375443456
1613597762594930697
1613598305929555968
1613599573955444751
1613600188857487360
1613600837753880576
1613602439403282433
1613605068095225875
1613605683714486272
1613610339920408577
1613610339920408577
1613610339920408577
1613610339920408577
1613610339920408577
1613610339920408577
1613610339920408577
1613610850304290817
1613611298088177664
1613611748577382400
1613611751676706828
1613611752973033473
1613611755036344336
1613611753874522131
1613611760187211777
1613611760254353408
1613611767405346822
1613611767556341782
1613611915489443854
1613617527787225089
1613618415004188673
1613621960017121282
1613624396437983241
1613625391356252182
1613626829394296833
1613626829201412110
1613626834964340736
1613626838852505623
1613626847966765056
1613626848440901632
1613626849648836611
1613626867814371328
1613626866614640640
1613627261852286978
1613628851690819584
1613630293134479375
1613632254118400007
1613635949170200576
1613637331663323136
1613638207026913280
1613641916762972161
1613641922232438784
1613641932667863040
1613641935910207488
1613641945590505475
1613641946416693250
1613641950397095941
1613641950313467904
1613641954142683136
1613641956428779520
1613645540725755904
1613647914143727618
1613649558017380352
1613650062286131201
1613650815386030081
1613650952464080917
1613653308408832013
1613656476547182594
1613657028769062929
1613657032170819586
1613657031331782664
1613657032774623236
1613657049660891158
1613657048884944907
1613657051376361498
1613657051854508032
1613657059593003036
1613658279476871168
1613658540656459777
1613662519561785349
1613663099621457925
1613664314472419330
1613665134639206401
1613667809875165185
1613672153840496640
1613672153572069376
1613672153022595072
1613672152238284802
1613672157888024576
1613672158395498498
1613672160316297216
1613672159351656449
1613672166913892357
1613672164900876290
1613682685045612550
1613684142666928128
1613686596485742595
1613687227829358592
1613687234934484992
1613687245189386245
1613687242421334018
1613687242027040768
1613687248091844614
1613687257000742912
1613687259546492931
1613687266852982784
