1609340145408393216
1609342718182060033
1609345899439718401
1609348100446887936
1609351357202309120
1609353660970024961
1609353657740398593
1609353664979763280
1609353668184408064
1609353671770312706
1609353682168205312
1609353687893172224
1609353693568323586
1609353693530566657
1609353700891582464
1609355830595391491
1609357150626906117
1609357870994264064
1609360589838581762
1609363147718008839
1609363326189830145
1609368634203283456
1609368765279469574
1609368769213644800
1609368766252736512
1609368772204273664
1609368772074258433
1609368779552870400
1609368801459724289
1609368805888917504
1609368810582056961
1609368808388722688
1609369211645886466
1609378192154046465
1609379759338790912
1609383830376308737
1609383879944835078
1609383885518868480
1609383892565254146
1609383892687130624
1609383897166487552
1609383904779329538
1609383905467199488
1609383903168430080
1609383910198181889
1609384814511280128
1609386004808441857
1609386677021151232
1609387226894372866
1609388515304816640
1609391085624623104
1609391295545638912
1609398964368850945
1609398968202534913
1609398970983276544
1609398979099529218
1609398985151725568
1609398984480788480
1609398983482294276
1609399005179518981
1609399010447572993
1609413501931425792
1609414065222291456
1609414064614313985
1609414070985453568
1609414073938239489
1609414080401641472
1609414084562231298
1609414085715582976
1609414090434248705
1609414092569337856
1609414103394848769
1609421892535844864
1609425351708495872
1609429107523350528
1609429128800866304
1609429129593778177
1609429128297562112
1609429127664226304
1609429130675634176
1609429149709385730
1609429176842596352
1609429189416943619
1609429195762835456
1609429907591004160
1609437766990925825
1609442434085433345
1609442437264465920
1609444258712363008
1609444264123015174
1609444272889286656
1609444284977102848
1609444290002038787
1609444294049529860
1609444293231403008
1609444299485360131
1609444905998340096
1609446644894019585
1609448207704006656
1609448925068509185
1609451386269487105
1609452568991727619
1609454886378434561
1609456331009806337
1609459378121211906
1609459380000276480
1609459386044350464
1609459390566006785
1609459389936672768
1609459388258951168
1609459399889936394
1609459400976080901
1609459407204585472
1609459405703229440
1609465624333271042
1609466776810659842
1609468719826145280
1609469121221074945
1609473397687197701
1609474453381029888
1609474466957983744
1609474486033580032
1609474484725055488
1609474488323932161
1609474502387240961
1609474506610851840
1609474506501808128
1609476090560647174
1609476169770086401
1609477456485834752
1609477720030707712
1609477870077747200
1609481553423351810
1609487638431416322
1609487642554417152
1609489487398309890
1609489586572369920
1609489586534875137
1609489588162293762
1609489592482160641
1609489598345781251
1609489601684545537
1609489601361485824
1609489599973187585
1609489606357184512
1609490079705096193
1609491107729100800
1609491291695452161
1609492992137777154
1609493604673753089
1609493605219008518
1609495062823505920
1609495068213379072
1609501939632377857
1609502927042891777
1609504677812469761
1609504675488751619
1609504681008726017
1609504685030887424
1609504684175249416
1609504689640595456
1609504686591164416
1609504696623939584
1609504695378391042
1609511247283720200
1609511382659235847
1609511780086063104
1609517291061891073
1609519569399316481
1609519778963623936
1609519785477345281
1609519784219250688
1609519785746001922
1609519790934065153
1609519797079011330
1609519796118249472
1609519797309698049
1609519798576361473
1609519804679065600
1609521972056293376
1609523466159415296
1609527399426805760
1609527523011870724
1609533766204116994
1609534866659459072
1609534870748815360
1609534874356187137
1609534874192330753
1609534878860693506
1609534888536842244
1609534887240810499
1609534896724185096
1609534894874497036
1609535542311387145
1609539274986196995
1609542402959613953
1609548850070446084
1609549981668761609
1609549989377708032
1609549990917201926
1609549994813448193
1609549996243705857
1609549995530657792
1609550000949956608
1609549998366007297
1609550005165240320
1609550003462148097
1609551219189587970
1609554996898500608
1609556870280142852
1609559983665942529
1609560497384308736
1609560497384308736
1609560497384308736
1609560497384308736
1609560497384308736
1609560497384308736
1609560497384308736
1609560497384308736
1609560497384308736
1609560497384308736
1609560497384308736
1609560497384308736
1609560497384308736
1609560497384308736
1609560761965182976
1609561682623299584
1609565081309970432
1609565083159478272
1609565087739662337
1609565086586216448
1609565085827235844
1609565089413070849
1609565096035885057
1609565093913833472
1609565093016080384
1609565092793688065
1609566866917232641
1609569632008163329
1609571517234577412
1609579019774590977
1609580126169174016
1609580159644106753
1609580173904515072
1609580171627008002
1609580179113889792
1609580178275192832
1609580175678750722
1609580184478285828
1609580190874599425
1609580201767309312
1609581826540011523
1609582826005069825
1609584010421755905
1609592221472550918
1609593678468612108
1609593704037097479
1609595274367754243
1609595273700835332
1609595275106045957
1609595282572054528
1609595279187009537
1609595279895830530
1609595302754881536
1609595301899431937
1609596354770178053
1609598525418905601
1609598749541634055
1609600393633468417
1609608060082819073
1609608139648688128
1609609123099729922
1609610377829941253
1609610381525131265
1609610380720107520
1609610378966667266
1609610384977133568
1609610393059573760
1609610395060158465
1609610393865027584
1609611974609932290
1609614694347870213
1609614701930889223
1609618457808584709
1609618457762439170
1609618583494983689
1609624999333175297
1609625477836054531
1609625481296449538
1609625480189345793
1609625479887167490
1609625479744716800
1609625482625957889
1609625487177043968
1609625497234964486
1609625503106846722
1609625499256647685
1609626088753225728
1609627143389970432
1609630361046388736
1609631588941185026
1609631901597446149
1609633121384763394
1609635292797095936
1609636920329441281
1609637593003466753
1609639393421049857
1609640576265162753
1609640573845049351
1609640585597710337
1609640582456160256
1609640586469941251
1609640589024280577
1609640587858440193
1609640597681209347
1609640595798081540
1609640595815026688
1609642504562909184
1609642934244200448
1609644893487366148
1609645087100899329
1609645377765969922
1609651039376113664
1609651700654301184
1609652176166551557
1609652902431457280
1609655675910787072
1609655675155537920
1609655673201242112
1609655680935333888
1609655677105983488
1609655682344550401
1609655685909823489
1609655685507080193
1609655699084316672
1609656189729619968
1609657154239139841
1609657637133766657
1609658864928174080
1609658904077651971
1609661002332643329
1609667407928328192
1609668592991342592
1609670774029418496
1609670783403450371
1609670786595577856
1609670785186004993
1609670795143389184
1609670800436756480
1609670798377107458
1609670799677394944
1609674529353392128
1609675774340255746
1609676493000511490
1609679811550625793
1609683590903922688
1609685754523049986
1609685873636818944
1609685873951444992
1609685878250561540
1609685878124990464
1609685879315988482
1609685876174655488
1609685881899847680
1609685880616411136
1609685894352752641
1609686078130212865
1609688836967378950
1609689814554611713
1609691525075591170
1609693029677559808
1609697796592119808
1609700963937406978
1609700968987492352
1609700977338187777
1609700975744516097
1609700981494714368
1609700982279274497
1609700983906394113
1609700988226617344
1609700997550510081
