1640513361019383808
1640514375801794560
1640514637212057600
1640515179174854656
1640518742005231618
1640518866211160067
1640518869172252675
1640518892836585474
1640518923593428992
1640518976735199232
1640518984809209856
1640518991352324096
1640519045714964480
1640519063439851521
1640523237468655617
1640526090358734848
1640526184910843910
1640531958034993152
1640533721408319491
1640534130311016449
1640534137680297986
1640534135579062273
1640534140788576256
1640534139861450753
1640534146778021888
1640534144953327617
1640534147234930688
1640534161764098049
1640534167552155650
1640543863747014658
1640547968217501697
1640549204039970818
1640549203532185611
1640549208817057793
1640549219298672641
1640549224071790594
1640549230417772549
1640549247303966720
1640549255399235584
1640549262986452992
1640551752612167681
1640554411536842752
1640556910645592064
1640564305874628608
1640564308579868672
1640564319015391232
1640564325642391552
1640564333011783681
1640564330071756801
1640564342172033026
1640564344038588419
1640564343883329539
1640564346764906496
1640574340272906240
1640575650930241538
1640579415183699968
1640579422695612416
1640579430945882113
1640579429901426690
1640579446070452224
1640579457625780225
1640579461732003840
1640579461111328769
1640579460624793600
1640579464274018305
1640584343516069889
1640584786145341440
1640586360795922433
1640586434603098112
1640587633683226625
1640588164946608128
1640588164946608128
1640588900329504768
1640590322555133955
1640591536290234368
1640591697858969606
1640592305298997250
1640592445363613704
1640592538632609792
1640594528166969344
1640594526220828673
1640594530079498240
1640594528850653184
1640594538484973568
1640594549209702400
1640594550371631104
1640594561859723265
1640594559821312003
1640594564338655232
1640594765568679936
1640595703247384576
1640597017872285696
1640597446517727232
1640598961344987138
1640601783218106371
1640604838944976897
1640606045918707714
1640606045918707714
1640606169487032321
1640608175995928576
1640608308242382848
1640608865325645825
1640609414829989888
1640609648569982976
1640609648444076032
1640609649840750592
1640609656241528832
1640609655167524864
1640609660045602816
1640609659663917057
1640609665414209537
1640609664504320001
1640609663266746368
1640623529233088513
1640624333843316736
1640624688320638977
1640624691986481154
1640624690472402945
1640624698315735042
1640624704296763401
1640624715151597568
1640624744847360000
1640624756268449794
1640624760500674561
1640624763818352641
1640626050815213568
1640628037686525952
1640629757006999553
1640630554113757184
1640630883475496962
1640630886801571842
1640631238053756934
1640632317973610496
1640633282856472576
1640634562068852736
1640634591428968448
1640635965390700549
1640637374760734720
1640638320790183937
1640639179913588736
1640639342279262208
1640639342279262208
1640639584257146880
1640639833902071809
1640639833256386562
1640639832295895044
1640639842689089536
1640639839623102465
1640639843964166146
1640639851702673409
1640639851253964800
1640639856740007936
1640639864268894208
1640641833389760512
1640642959963029504
1640643616736440322
1640647815083827208
1640648775336173568
1640648980315922437
1640649833722830849
1640650004934057985
1640654902262202368
1640654913423265792
1640654913288957952
1640654910956924928
1640654920167698432
1640654923330101250
1640654928078163969
1640654927125946368
1640654935132864512
1640655339266662400
1640656078273757184
1640657759153664002
1640662140120883200
1640665661797007361
1640668979508248579
1640669370652270593
1640670036825374722
1640670045100441601
1640670043783540738
1640670045146587143
1640670051027267584
1640670054479020033
1640670051790471172
1640670056949448704
1640670056148353025
1640670059457593344
1640678349524680705
1640680369786609674
1640681919015780352
1640682647361040385
1640683144570363904
1640683566706184194
1640684401133600771
1640684860158226434
1640685094795988992
1640685097845239810
1640685114953805824
1640685113858990082
1640685127293452291
1640685126110654468
1640685125531828225
1640685136504143873
1640685159644114944
1640687770430582785
1640689985052454913
1640690240699375620
1640696717577207815
1640697194280894464
1640698436759502850
1640698837755895808
1640699014629797891
1640699014629797891
1640699584669155328
1640699627283308545
1640700219984867328
1640700232412585984
1640700233280520196
1640700245750476800
1640700249004994562
1640700248916885506
1640700248032002048
1640700257930739713
1640700254432423937
1640700261990649857
1640700726266478592
1640701374479605760
1640703793041133570
1640707926758240256
1640707962577592320
1640708087245078528
1640708365855887360
1640710383609712642
1640711602306535424
1640711726093172737
1640711765150535686
1640712209214087168
1640712233545244672
1640712346304917508
1640713432315072512
1640713432315072512
1640713572836851714
1640714365199601665
1640714367472922626
1640714365199601665
1640714365199601665
1640714727860101125
1640714797586202629
1640715321853239298
1640715321177956352
1640715320745930752
1640715328270532608
1640715352417120256
1640715352329031690
1640715350982660096
1640715349955088384
1640715361749454855
1640715358859575303
1640715572722950148
1640716887855362053
1640716943379562500
1640717065110822917
1640719159091957760
1640720981789405184
1640724780255965187
1640725782401089537
1640727321509351424
1640727826352488449
1640728388418560000
1640729111650791425
1640729187165122562
1640730433225650177
1640730438774804480
1640730438535720963
1640730443615203328
1640730448727883777
1640730445519224838
1640730451424813058
1640730455736479747
1640730457892429825
1640731566748884994
1640731600550862851
1640731600550862851
1640731600550862851
1640732091280236544
1640732225850298368
1640732404963848192
1640735412057522179
1640736730989854720
1640737249045127171
1640737875812667392
1640741154848219138
1640741681279508482
1640741738473029635
1640742981740425216
1640743234115649537
1640743719987970048
1640744268095709186
1640744316615237635
1640744605611184129
1640745071761817604
1640745542165712896
1640745541913944066
1640745546053763072
1640745549413359616
1640745553112735746
1640745556761870337
1640745555633770497
1640745554081902592
1640745553142198272
1640745561052569603
1640745575992770561
1640746218325196801
1640748078360670209
1640748657883447304
1640750097335218176
1640751078927990786
1640751237170692100
1640751237170692100
1640753953989115905
1640760467676188672
1640760637260177408
1640760635876147230
1640760650463936513
1640760650606542854
1640760655811674127
1640760654356250642
1640760656449208339
1640760660098252816
1640760657569087497
1640760959529517058
1640762113906843648
1640762447291187229
1640762524856451073
1640762910765973530
1640763224021762076
1640766893421199360
1640768553950347285
1640769363086114840
1640769550474944521
1640770984775917582
1640773089758965760
1640773528659144707
1640775728559177729
1640775728781205519
1640775733227167745
1640775732287643659
1640775731562049537
1640775735559200781
1640775755691859970
1640775752827150341
1640775755809300494
1640775756891430913
1640777639425089537
1640782528213557269
1640782681708306436
1640783023837683713
1640783172274356224
1640783556703035400
1640785595025727497
1640788097146167325
1640788325865758744
1640790329808003072
1640790832843223040
1640790843035451392
1640790844969046026
1640790847837880325
1640790850752991255
1640790848555106305
1640790854469144593
1640790857166262273
1640790856604205056
1640790855907696640
1640792233610756096
1640794154228764688
1640795021132849152
1640796203465035780
1640796915083116545
1640797043932254208
1640801090810662935
1640802262694912001
1640802261914865677
1640802261914865677
1640804052656181248
1640804735153328141
1640805918471499776
1640805923529674769
1640805922275577954
1640805939627413505
1640805945474273301
1640805943725424641
1640805947504316441
1640805952839471112
1640805958107660288
1640806389185642497
1640806502188437510
1640806767352225792
1640807406094663680
1640807572532875285
1640808478183772164
1640809090824785921
1640810950776311818
1640811470341525515
1640812949848707077
1640813473780191277
1640814685321568259
1640815296377393156
1640817417621327872
1640817807402098688
1640818516889858048
1640819434150416389
1640820585532989444
1640821005412339712
1640821011519090691
1640821012932489223
1640821028027809793
1640821030833774592
1640821039449116685
1640821049007677451
1640821050370936835
1640821057610301440
1640824129040310273
1640829509644726274
1640830521730031616
1640831235583778818
1640833203328937986
1640835124706066432
1640836129946574848
1640836134824562692
1640836140281352196
1640836140210192385
1640836144232374277
1640836144140021761
1640836142592323588
1640836142802034688
1640836145507360777
1640836152201715713
1640836451549032449
1640836848745345026
1640838058839818240
1640842854598574080
1640845094046638081
1640846779116834817
1640847265777500160
1640851204283547652
1640851214291161091
1640851218699264000
1640851215725608964
1640851221278863361
1640851231089344513
1640851244099985408
1640851250303447040
1640851305173229570
1640855471048327171
1640860152944525314
1640860766239698947
1640863094284128256
1640864686840111108
1640866280558190595
1640866283687223297
1640866288590307328
1640866301433225217
1640866303404539906
1640866308521873409
1640866309150736386
1640866319892398080
1640866345129574401
1640866351215521794
