1637243217086226433
1637245952925880321
1637246564870639619
1637253483194712066
1637254814575853570
1637257476381851649
1637257482144718849
1637257497000984577
1637257513514201088
1637257516269592576
1637257547911671811
1637257563308806144
1637257561597509635
1637257576457945089
1637265015463120896
1637265434033688578
1637268953683697664
1637269659530702848
1637271721538469888
1637272597933981696
1637272602870677511
1637272626014965761
1637272651193360385
1637272658948788225
1637272662283108352
1637272668402769920
1637272675105030145
1637283314838179840
1637286011834351616
1637286011834351616
1637286011834351616
1637287708291743745
1637287705666293763
1637287716705513479
1637287714587308035
1637287717515190272
1637287730374922240
1637287729099595776
1637287745209892864
1637287748359815170
1637295283171196928
1637302515996958723
1637302755873234945
1637302786315657216
1637302791915073536
1637302818146222081
1637302833174421506
1637302840874921987
1637302854422503425
1637302852379918336
1637302870604144643
1637317915014750209
1637317924552572930
1637317927002152960
1637317932756680705
1637317934312726528
1637317941304647681
1637317938188546048
1637317947550203904
1637317974678728706
1637317973571682306
1637321050173190144
1637323462086742016
1637330945882595328
1637333020561506306
1637333029818335234
1637333036202176512
1637333041688334337
1637333040669048832
1637333046557810688
1637333046528442369
1637333055479115777
1637337012331053057
1637338415287902209
1637339498781585408
1637344588896829440
1637345862077513730
1637348136841539584
1637348136896086018
1637348146651987970
1637348150548606976
1637348157049782273
1637348158429708290
1637348163953610752
1637348166956613634
1637348173348847619
1637353579877920771
1637354448426090496
1637358702096416769
1637360739097751552
1637363241838862341
1637363241671094275
1637363241184641025
1637363248063447042
1637363253285199876
1637363249418055680
1637363258439901187
1637363265456963584
1637363266660827137
1637363270418944000
1637364526323576832
1637369215563837440
1637369767479631873
1637371964259028993
1637371973146689540
1637373307069644802
1637374571161563137
1637376205044305921
1637378303488081921
1637378325587845121
1637378330096992258
1637378340020428808
1637378341375291392
1637378348232982530
1637378347952115714
1637378351525396480
1637378351261155329
1637378367757402112
1637378372761186305
1637379784773607424
1637380829881016320
1637382642839564288
1637384152717705217
1637385310966370304
1637388095296348163
1637389194250035201
1637389800473780225
1637389987770687489
1637390568375431170
1637391922695217153
1637393357012979713
1637393357012979713
1637393455918850048
1637393460138262531
1637393460100472833
1637393458989088768
1637393464353599489
1637393463552401409
1637393466442526720
1637393465100075009
1637393472721125376
1637393471689355265
1637395167584845824
1637396597641232385
1637399693696090112
1637399982461394945
1637400166830575619
1637403693971636226
1637404055885447168
1637404338946469889
1637404732766519296
1637405847092449281
1637406700218073091
1637407743786233856
1637408558093303809
1637408556545720322
1637408560639344640
1637408561863983105
1637408561084121092
1637408560874176512
1637408566947586048
1637408571708063744
1637408571993235456
1637411818464333825
1637412353774956544
1637413327780364290
1637414407855644672
1637420775698309122
1637421039436038146
1637422914088706049
1637423411285852160
1637423651950665731
1637423651891888131
1637423659252948993
1637423663090630657
1637423662495309824
1637423661891158016
1637423665133264900
1637423665456242688
1637423665209036800
1637423669977677826
1637426227651772416
1637433507579346944
1637435447264653313
1637436554556702721
1637438255397322752
1637438376985915392
1637438733971496965
1637438737909964802
1637438737729683459
1637438742095966208
1637438745661063169
1637438745703067648
1637438760253104129
1637438759447801856
1637438769644326913
1637441149634768898
1637441846392635393
1637447144779968512
1637447435982176256
1637448018151501825
1637449120569753600
1637449732229419010
1637451127972134917
1637451308037726212
1637452710659203072
1637453438588944387
1637453438588944387
1637453501826748416
1637453827497418752
1637453836724862981
1637453853632372737
1637453851988049923
1637453856878776320
1637453861534195712
1637453860624105473
1637453860544315393
1637453859877519360
1637453862968721410
1637453871189573635
1637454214963052544
1637454943358525443
1637457682549420034
1637458245714411526
1637458245714411526
1637458245714411526
1637460932900143104
1637463403273830401
1637463515752546305
1637464089621323777
1637464243980124160
1637465090147450885
1637466413945200640
1637466766094872578
1637467084207579137
1637468591640436737
1637468941688918016
1637468941457973252
1637468946155683844
1637468955014045696
1637468961531936769
1637468960022216707
1637468965801795584
1637468964031811587
1637468968146411522
1637470919462461442
1637473788437602304
1637473830942695427
1637473904145956864
1637473944436457472
1637475685450108930
1637476052204224519
1637476212275662849
1637477199686033408
1637477199686033408
1637478412079038466
1637479282757738496
1637481906513092608
1637483909549096961
1637484051886948352
1637484049613860864
1637484057419194374
1637484057331216386
1637484055263612928
1637484054344810502
1637484063484268544
1637484066412040193
1637484069456949248
1637487160566636548
1637488672512565252
1637489878681239552
1637490783426166786
1637490944483405829
1637490961528901634
1637491033389821953
1637494692802600962
1637498241674805249
1637499144376918019
1637499141084381186
1637499142216773640
1637499145631023104
1637499153310679048
1637499160734597125
1637499162504593408
1637499929940701186
1637500857775190016
1637502028426657798
1637503797672173569
1637503857088495616
1637508895257001987
1637510506159173633
1637514259708928000
1637514258102484992
1637514257842536452
1637514257553149954
1637514264490700800
1637514261835464706
1637514263974518787
1637514267761995779
1637514265836879872
1637514268630302720
1637515894761959424
1637516359130140672
1637518942179581953
1637520683734548480
1637523102874710018
1637523543591116801
1637524354740150273
1637524393747271681
1637524492292423680
1637524590124728320
1637526000429944834
1637526846785953798
1637527889506598918
1637529343235616772
1637529342577381376
1637529347794911232
1637529347165749249
1637529345521750016
1637529352207204353
1637529358763012098
1637529357739610114
1637529364488134656
1637530376775127042
1637531185550360577
1637536716549509123
1637537563840856064
1637537767952449539
1637538487296483329
1637541710505934848
1637541853552623619
1637542662432608257
1637543695070142465
1637543871440666624
1637543963899863040
1637544275251429381
1637544283828830209
1637544286450335747
1637544286450335747
1637544441891135488
1637544444177072133
1637544449671680006
1637544461981941761
1637544461927346176
1637544461835149313
1637544461298221059
1637544467820425216
1637544466822098945
1637544466339753987
1637545465754296322
1637547114375925767
1637548037135368199
1637550994467823616
1637551939750617091
1637551939750617091
1637554644690845698
1637555087420563459
1637555208845684736
1637555631962849281
1637555961119350786
1637556282918928385
1637556553782886400
1637558718144425986
1637559549191155716
1637559554241069056
1637559554136322048
1637559554102767617
1637559558611542020
1637559555428167681
1637559562659061761
1637559567319027712
1637559566425550852
1637559565179813888
1637559872366542856
1637563567116374017
1637564787012915200
1637565372818771969
1637567084208029696
1637568309557346304
1637569310863360000
1637569361182355457
1637570039313227777
1637571660969648131
1637571945788055553
1637572298881515523
1637572629618892800
1637572789166022656
1637573048852271104
1637573048852271104
1637574191590305797
1637574662803849217
1637574662350594049
1637574659108487175
1637574658932219905
1637574667207680004
1637574666305912833
1637574665164972033
1637574665127297026
1637574664632279040
1637574664321892352
1637578666044424198
1637579343105802243
1637583498293780480
1637588722882433026
1637589171169550336
1637589716366245889
1637589716337057793
1637589716018274304
1637589722074578944
1637589722016149504
1637589721072246784
1637589729372774401
1637589760540549120
1637591308289159174
1637592211276562432
1637594698205233152
1637598825920471041
1637604675171287041
1637604817488027651
1637604833850011649
1637604845644312577
1637604850828562435
1637604857484828673
1637604856310513665
1637604856067129344
1637604855417298949
1637604860299206657
1637604863340158978
