1640145723965468672
1640147699323351042
1640151024814915587
1640156630942642178
1640156630921760769
1640156639109021702
1640156641310941184
1640156644305674241
1640156651243159552
1640156650723057666
1640156663792680961
1640156672550158336
1640161783431217160
1640171727513702402
1640171735260737536
1640171739081756676
1640171746740281344
1640171758912249856
1640171757989494789
1640171769846956032
1640171779086860289
1640174183090126849
1640177546670268421
1640185571698941955
1640185772321165312
1640185965464670208
1640186660708143104
1640186818527211523
1640186833169465344
1640186832083140609
1640186831756054535
1640186831500365824
1640186834402541568
1640186852605935616
1640186867151695873
1640186869752160256
1640186874219364353
1640198021416640513
1640198767390654464
1640200706949799936
1640201903098466307
1640201907330338817
1640201906541805570
1640201905639940101
1640201908727029764
1640201920362020870
1640201950317740032
1640201959876739072
1640201971708891138
1640204918756892672
1640212121651752965
1640213035083243520
1640216355810209794
1640216654092156928
1640217031168647168
1640217029356683265
1640217035975147520
1640217040794312704
1640217039993454592
1640217038315741185
1640217041402490881
1640217053519835139
1640217060084011009
1640217078324948994
1640219797228068869
1640220151843897345
1640230743627497474
1640230931901607936
1640230931901607936
1640231580135194625
1640231927532625920
1640232143228993537
1640232150174932992
1640232153349857289
1640232153291128832
1640232159779917824
1640232158626299905
1640232159435796481
1640232164368474112
1640232169871224836
1640233868791005184
1640236863427411970
1640238470605213697
1640238562934427648
1640238939977011200
1640240702570233857
1640241479519010816
1640244558607818753
1640244616904540161
1640245745075773440
1640247235697864704
1640247239065980930
1640247238965248002
1640247256258428928
1640247257789353984
1640247257395077125
1640247264034652160
1640247267570462720
1640247265796161539
1640249042473984000
1640254305331445761
1640256088304918530
1640256871901675520
1640258138493288448
1640258160626659328
1640259109957038080
1640260641377140738
1640261363657236480
1640262330540777472
1640262338355011585
1640262344822407168
1640262344814018560
1640262351617228801
1640262349058605056
1640262356067405824
1640262353588559872
1640262353219465219
1640262377235939328
1640262984416075776
1640267783404486657
1640268650404773888
1640269530109980674
1640270748513353729
1640271786406281216
1640272137633013762
1640273138364690432
1640273412638535680
1640274113267912704
1640274313948418048
1640276087644073988
1640276549403398144
1640277298292092929
1640277439405342720
1640277444115697665
1640277444031574016
1640277451321352194
1640277454496382976
1640277462255910914
1640277467217956866
1640278645276045314
1640281345740898308
1640281386019069952
1640281405489041408
1640283515232174083
1640283857999269889
1640284635107057673
1640285007586402304
1640285736204394496
1640286162920120320
1640286168133582852
1640286647731339264
1640288251066941441
1640289419906170882
1640290371212042242
1640291260656152578
1640291922701950976
1640292092550184960
1640292532847525888
1640292534227292161
1640292537192837121
1640292547057844225
1640292553953091584
1640292551885312000
1640292567853023234
1640292565244149760
1640292568411017217
1640293456529555458
1640293892703547395
1640294491910225921
1640296877622022145
1640304593467846656
1640305218842775553
1640306316227796992
1640307608891342848
1640307646908465152
1640307654563078145
1640307652977651714
1640307651434217476
1640307650817564673
1640307656157024257
1640307661567676416
1640307668954021889
1640307674448293892
1640307672141668352
1640310103327797249
1640312031755526144
1640312323591077889
1640312335242866688
1640316098796044288
1640317957715664897
1640318781552484352
1640319036864036869
1640320130302332930
1640320220228198402
1640321462069526528
1640321528179859458
1640321567757602816
1640322079558909952
1640322389719359489
1640322391808024578
1640322732565884932
1640322739482292224
1640322737955651584
1640322745463455756
1640322748076441603
1640322753717739520
1640322753604759553
1640322752228864003
1640322757073174530
1640322756431708160
1640322768267882502
1640323055640518656
1640325279955525633
1640325301245816834
1640325715026485252
1640326709290385408
1640329789633339392
1640334085066301442
1640334244542128128
1640334552538202113
1640334946714673156
1640337209139122176
1640337318723592192
1640337779358937088
1640337848611274752
1640337850628440064
1640337850393669636
1640337861319839747
1640337866004807682
1640337865673457666
1640337862812921856
1640337868538216448
1640337874246684672
1640337907402588161
1640337907402588161
1640338045823008773
1640340878345797632
1640343079537311746
1640344192244129798
1640344606599520258
1640345396512800770
1640346700639350790
1640347138524696576
1640347628381650944
1640348974212349959
1640349267230445568
1640350190266892288
1640352000532439041
1640352832913133569
1640352949393137665
1640352952211894272
1640352950320021508
1640352955412127745
1640352960893923328
1640352958205550593
1640352962538029057
1640352967516725249
1640352970964451328
1640352970083581954
1640353719630848000
1640354500417314818
1640354867947380744
1640356248666120192
1640356317465305090
1640356381722124290
1640357110822342657
1640358637938851842
1640359420721868801
1640359926978494464
1640360786437734400
1640364532467126274
1640365573002371077
1640367408564011010
1640367764475981826
1640368035054735360
1640368032638971905
1640368041128263680
1640368052683382785
1640368049764040705
1640368049147478016
1640368058127511552
1640368057045360641
1640368071755051008
1640368071540916226
1640370540534722560
1640370938121433088
1640378656584351745
1640379790564761608
1640380327016165377
1640382567009644545
1640382581806956545
1640383154090397698
1640383152345448449
1640383159660425217
1640383161308684293
1640383160935489536
1640383168451694593
1640383165226274824
1640383165096132610
1640383173103083520
1640383772284579840
1640388708267446272
1640390357765570571
1640390888718471168
1640392779976130576
1640393307783155712
1640393525266194433
1640393773623705600
1640395502947647497
1640396291430653952
1640396706599563264
1640396706599563264
1640396715252490240
1640396952830443520
1640398229366775809
1640398237898031104
1640398237776461843
1640398235893219353
1640398246974746626
1640398255061188620
1640398261084356608
1640398266939351040
1640398270982766615
1640401111558356992
1640401587200835607
1640402138072227840
1640402398626693128
1640402921639620608
1640403018691624960
1640403105102676003
1640405057962229761
1640405429736947722
1640406138222186496
1640407369900277774
1640409601223843847
1640410631042940933
1640411187409039360
1640413340483862528
1640413339061829633
1640413346200530944
1640413344531357698
1640413354773876737
1640413358787575808
1640413357336584192
1640413367201591298
1640413365796319232
1640413364865343488
1640413477217943562
1640414125565132800
1640415639834591236
1640416191805046804
1640417089700675586
1640418156228296714
1640420673129463818
1640420673129463818
1640420673129463818
1640420673129463818
1640420723561775105
1640421608321077248
1640421776214638597
1640422675704332288
1640422684378165249
1640424215932223508
1640425168328638487
1640426102043623451
1640426525957734412
1640427371840040962
1640428043910127616
1640428123157086225
1640428451097133067
1640428453710184472
1640428455492763688
1640428459171168276
1640428461012467719
1640428465689116677
1640428471447896066
1640428469849866274
1640428469745008665
1640431594191110146
1640432042503462912
1640434209339871232
1640434220438028289
1640437744072810496
1640437748460027904
1640438061463904269
1640439587754610688
1640441495441252359
1640441886002257935
1640443504718663681
1640443548553101312
1640443553988984833
1640443562675384320
1640443561098223618
1640443560595013633
1640443559949238273
1640443559122980864
1640443563598028818
1640443567616172035
1640444265330253839
1640444304568070144
1640447330653716480
1640450428621172737
1640452695470272512
1640455685552111616
1640455685552111616
1640458642976829446
1640458648286818305
1640458645757411329
1640458653139361799
1640458652938125316
1640458654993510413
1640458657149382661
1640458657904357377
1640458663339991042
1640458665286041600
1640461222289219584
1640461281416163330
1640463505181794305
1640463667375349760
1640464181802725376
1640466042320461826
1640467113612828673
1640467147481571328
1640470310783791106
1640470310783791106
1640473715241635840
1640473713966497792
1640473722527322112
1640473726847434753
1640473736548687873
1640473738511630337
1640473748846579712
1640473748385202177
1640473751317008384
1640473755632689153
1640474105118957571
1640474144969052160
1640476380314980354
1640478868975808513
1640485613521469440
1640487756680818691
1640488833543294979
1640488837821415424
1640488842892328962
1640488846944083969
1640488848894377984
1640488857010581505
1640488854682583041
1640488858373554177
1640488864446816263
1640488869169594376
1640502957719404545
1640503917304852485
1640503927455068161
1640503929044873216
1640503935755776001
1640503947361173504
1640503962209222656
1640503961437315072
1640503968664113152
1640503968693465090
