1639421145802743812
1639424028338167811
1639426697601622022
1639429351455293440
1639431834001092608
1639431852644614144
1639431859305078785
1639431863663218688
1639431871959531520
1639431883560820737
1639431881908264960
1639431893899792385
1639435504415391748
1639443788845260802
1639446957449166848
1639446961769304065
1639446964595990529
1639446964365410304
1639446974297513987
1639446977137049602
1639446991766781953
1639446987904028672
1639447003930214403
1639452099791683584
1639454289511972864
1639458069200486401
1639461981613613057
1639461986978213889
1639462005651255302
1639462046331809792
1639462058302357506
1639462058126188546
1639462063171854338
1639462078627946499
1639462083317366786
1639462083208126467
1639469645068419073
1639473468331704320
1639474124056588290
1639475719280513027
1639477168269819904
1639477178181259264
1639477177157558274
1639477175895093248
1639477174863314944
1639477190076121090
1639477187089944576
1639477203384819713
1639477200129753088
1639481367225581568
1639485349608009728
1639489847432818689
1639492158016110595
1639492188919742465
1639492196943691777
1639492196633305090
1639492239654105090
1639492240987889665
1639492258105036801
1639492279999279104
1639492290233221122
1639492290795433984
1639495116187369473
1639497483389743104
1639499854723403778
1639504886776602625
1639506984604168193
1639507346790694914
1639507346203312128
1639507343841927168
1639507359918854144
1639507366910603264
1639507377304272898
1639507377031376896
1639507378012844033
1639507396610650114
1639507400704266241
1639509112084996096
1639509659588632576
1639513541249056768
1639514749565120513
1639515935580225537
1639517230865043456
1639519736735178753
1639520430229782528
1639522429671440385
1639522436159815683
1639522435253805057
1639522454174302209
1639522459681447936
1639522458473562112
1639522460855934976
1639522460776165376
1639522471622713344
1639522491218685952
1639522506796138498
1639522507425476610
1639522561716375552
1639524916985733120
1639525813358829569
1639531855895576577
1639532439478456322
1639532444012408833
1639537089514549249
1639537282964234241
1639537570357952512
1639537587546210306
1639537590243139584
1639537589001527298
1639537589358141442
1639537596668813315
1639537594903023616
1639537597776031748
1639537734800019456
1639537804177809408
1639538860865773568
1639539317117972480
1639541323970617344
1639541367406829568
1639544188864716800
1639544805473546240
1639547699560079361
1639552649749053440
1639552669726457857
1639552675493691393
1639552672658276352
1639552678643617794
1639552678421315588
1639552688349167617
1639552695362043905
1639552695076831238
1639553674786533376
1639555031744520192
1639555188749901824
1639555562596605952
1639557322396581888
1639557784113954816
1639557841571774465
1639558208111902722
1639560932618559490
1639562563598925827
1639566467241836544
1639567589050384386
1639567624337063937
1639567780088299520
1639567786010615808
1639567791794667520
1639567789777100801
1639567789210980353
1639567800355155968
1639567799386267650
1639567800355241986
1639567800254464000
1639567996552093696
1639570193054588931
1639571288451608579
1639571615523454977
1639573257316622336
1639575934205345792
1639580673706176513
1639580866153447424
1639582430049845248
1639582881143042049
1639582879721160711
1639582883852480512
1639582883403771904
1639582888667779078
1639582894111830017
1639582899744780291
1639582899031744512
1639583130402316288
1639585063871422467
1639585758624325632
1639591296665886721
1639591494385270784
1639592220847218689
1639592461692461058
1639594548316839937
1639595836220014593
1639596559557066752
1639597972928471041
1639597984802381824
1639597986857492480
1639597982809980930
1639597988715569153
1639597991257415680
1639597997401964551
1639597999469867008
1639597996999430145
1639600953094717440
1639601407597633536
1639601983869919232
1639602603628666885
1639602928884527105
1639603043816685569
1639604222827085824
1639604372312129536
1639604733324214277
1639607118218108932
1639608374756102144
1639613061039267841
1639613067355930624
1639613072397545473
1639613080148783104
1639613081331351552
1639613083168505860
1639613089841569794
1639613089803845637
1639613095411605505
1639613095952674816
1639614192608071680
1639616867684831235
1639617525867528194
1639617903619104770
1639618638125875200
1639618873258377217
1639619783573270530
1639619861109260288
1639620067984920579
1639620345303793665
1639621520145231874
1639622699252162560
1639623816081989632
1639624633128198145
1639624920299630597
1639626617491185665
1639626941543378945
1639627403788951552
1639628180813238272
1639628184734822401
1639628184202125312
1639628189814124546
1639628186383204353
1639628193576497152
1639628192053968898
1639628197112451072
1639628194981478401
1639630266443395072
1639630716416983040
1639639452837371905
1639642171245568000
1639642171245568000
1639642556433670146
1639643277627469828
1639643279728734208
1639643277358972928
1639643282283151360
1639643288935227392
1639643289841283074
1639643294643679232
1639643296833191941
1639643296757686272
1639643960439103488
1639645682708488192
1639646627269836800
1639646839258357760
1639647890871050242
1639653611134402562
1639655633099149317
1639655969364819969
1639657118578909184
1639658282989101060
1639658361405820936
1639658362630733824
1639658360688500736
1639658360357224448
1639658375565672448
1639658378283859968
1639658386815070208
1639658395744575488
1639658394645590018
1639658393953619970
1639661545218244609
1639665035621408768
1639667145930883073
1639667754809585669
1639667886716248065
1639667886716248065
1639669053550649345
1639669053550649345
1639671090803879938
1639671090803879938
1639671836001685509
1639672341620830212
1639673466541539330
1639673466189127681
1639673470773518338
1639673483020890112
1639673481871630336
1639673488389681153
1639673491355041792
1639673488796418049
1639673491808047108
1639673494060376072
1639675818665287680
1639682876584218626
1639686799080448000
1639687375461679105
1639688143090724864
1639688482799878144
1639688556955279362
1639688567055167490
1639688564190445569
1639688568351203329
1639688577331109889
1639688581420658690
1639688583979343872
1639688587905212416
1639688587691139073
1639688593219125249
1639688747427012608
1639688847029141508
1639689884058222599
1639690802308829193
1639691937337819139
1639692210806439936
1639694376652685312
1639695881153785862
1639697952305233920
1639698749407543299
1639701110108585984
1639702272421646346
1639702378277478400
1639703673319088128
1639703672350228484
1639703679090688000
1639703676376719362
1639703679178780673
1639703687453966337
1639703686489227267
1639703686048874497
1639703688414388225
1639703695637061632
1639704998400479232
1639707372875653124
1639707892658872320
1639708027627671552
1639708292258705408
1639709186693951489
1639711389311696896
1639712450659467267
1639714638735523841
1639715938156302336
1639715984075268097
1639717708991193089
1639718750885642242
1639718750143275009
1639718752001441792
1639718756019580929
1639718761770156033
1639718760184528899
1639718758930427904
1639718770238439426
1639718769617514497
1639718777154596864
1639721430861467655
1639725449340149761
1639727603593486337
1639730963415552000
1639733088740671490
1639733873994264576
1639733873327194114
1639733877781540864
1639733875063619585
1639733875663331331
1639733881661190144
1639733884156882946
1639733882500308992
1639733888619560967
1639733889554939904
1639734191045636099
1639734430028943360
1639735281396981762
1639735522326192130
1639735735057096707
1639735938568921093
1639735938568921093
1639736151433965568
1639737258101047296
1639738399987752961
1639739094577078272
1639739416561197056
1639740643629998081
1639742643163877376
1639743739131310087
1639744217101615105
1639745780373176320
1639747308773429249
1639747521944666112
1639748950495248386
1639748954551115779
1639748955381571584
1639748959454343168
1639748967100559361
1639748965921968129
1639748969243856900
1639748971227652096
1639748971760439297
1639748991763062784
1639749352120877061
1639751787761610754
1639752504672919552
1639753022132699136
1639763100894396416
1639763669449068544
1639764050547556354
1639764064351010817
1639764076850036739
1639764084949172229
1639764084752101385
1639764088812105728
1639764086031351808
1639764090557018119
1639764090296958979
1639765367433175044
1639766362687000576
1639770034317795328
1639777571859492864
1639778318936309765
1639779135722606594
1639779149785997312
1639779167750193152
1639779166492168193
1639779169788895232
1639779172888313856
1639779172854767617
1639779177585864704
1639779183688646658
