1638698502107828224
1638704934936879104
1638705296985161728
1638706880787644417
1638707045380628482
1638707069821030402
1638707069489405955
1638707096551301120
1638707105224859648
1638707115467456515
1638707120622415872
1638707117241532422
1638708734661910528
1638711194021183488
1638712145335447552
1638714338629541888
1638714777441804289
1638716323973742592
1638722154144452608
1638722158464753677
1638722190781861889
1638722194841784320
1638722194762272769
1638722194170601472
1638722201951297538
1638722224860590080
1638722231885856769
1638724402014478337
1638727792048189443
1638730903772864514
1638730903772864514
1638730903772864514
1638730903772864514
1638730903772864514
1638730903772864514
1638730903772864514
1638730903772864514
1638730903772864514
1638730903772864514
1638731675965485058
1638734533347647489
1638737259842404353
1638737277424910336
1638737285943562240
1638737284618145797
1638737287851962368
1638737299667034112
1638737307946700800
1638737309989208065
1638737313885990912
1638737312229253120
1638737322496741376
1638738860459843592
1638742398317785094
1638752386956009472
1638752401669906432
1638752401501855744
1638752409123172352
1638752414978420736
1638752412847546368
1638752411782348800
1638752416157032449
1638752417344020481
1638752423677239298
1638755926592348161
1638765820477329411
1638765820477329411
1638767476208193536
1638767475528732675
1638767478808408067
1638767493253570560
1638767495359369224
1638767502468546562
1638767512115466240
1638767516800647168
1638767522131615745
1638768306940432384
1638768990263582721
1638769820899393540
1638770540272926722
1638772458554634243
1638775007026315264
1638775067667574784
1638775882679562240
1638776162431422469
1638776649352093703
1638779859387432960
1638782439333023745
1638782463710470144
1638782600272826369
1638782605322592257
1638782604785623041
1638782612146737152
1638782611542937602
1638782610284347392
1638782615124574208
1638782618597507072
1638782625266425856
1638783937626472448
1638787937486929920
1638789779839123456
1638791130732023810
1638792255313154049
1638793459409780737
1638794476486533121
1638797700240924672
1638797708751192069
1638797707564154880
1638797705622241281
1638797713083977730
1638797712446431237
1638797720302366721
1638797718649819136
1638797721153994752
1638797723842363392
1638797724676943873
1638797790934626305
1638802466987995136
1638803737190842368
1638803934734356481
1638806306231394304
1638806416541782016
1638807345332363264
1638807658181414913
1638808601727778816
1638809959226912773
1638812799265636359
1638812799223595008
1638812798284185600
1638812800934899712
1638812805599047680
1638812817011666944
1638812820589428736
1638812819549466627
1638812825115140096
1638812823026569216
1638813198735527939
1638815815171469314
1638816199218692098
1638816979833298947
1638821114712391681
1638821644004372481
1638824908640878594
1638825813440184321
1638827886185689093
1638827885619466240
1638827888341569536
1638827894138089472
1638827892221292544
1638827901725310976
1638827912077119489
1638827912626569217
1638827923917651968
1638827941109944325
1638828137671806978
1638828836908351488
1638829470030376963
1638829739359236096
1638830378306932739
1638831576954855426
1638831606323376131
1638831922024464385
1638832242423111680
1638832705264599040
1638833235022196737
1638835324120907777
1638836606583939073
1638836606583939073
1638837462251323392
1638838275426201605
1638839334198706178
1638840783108202496
1638843006328479744
1638843004105400322
1638843007574368256
1638843010975932416
1638843015153287169
1638843013874188288
1638843013022752768
1638843019829866499
1638843020723507201
1638843702993903616
1638843805230063616
1638844148995313672
1638844450460819456
1638845888129904640
1638845888129904640
1638846038013353984
1638847267346980865
1638850349791604737
1638850480506916864
1638853014625681413
1638853245148844034
1638853779830317058
1638854527498747904
1638857099659841536
1638858028114903040
1638858090782105600
1638858099929894917
1638858104485085186
1638858111531220994
1638858115490918406
1638858115188654080
1638858122491203586
1638858120696053760
1638858120503119872
1638858332462018561
1638858332462018561
1638858588536942592
1638858602571001856
1638859082848260097
1638861200971952130
1638863975109521408
1638865212118822915
1638865272252555265
1638865562360061952
1638865766442213377
1638866802766753793
1638867920838094848
1638871881343287296
1638872405526339584
1638873116167512064
1638873197960372225
1638873201722765314
1638873200141692928
1638873202741899265
1638873204600242177
1638873205048836099
1638873210455470082
1638873213689028610
1638873220853157888
1638873219653328896
1638873692863188993
1638873758663610368
1638875930373369857
1638877435637772288
1638880242818506752
1638880245444145154
1638880686202589190
1638880700874063872
1638885425744936960
1638885778884263938
1638886573486796801
1638887348275429380
1638888308679008256
1638888313087053826
1638888311140896769
1638888317956620288
1638888317872742400
1638888320896991232
1638888319600799744
1638890590439116800
1638892025054650369
1638892025054650369
1638892025054650369
1638892763453485056
1638892898371485696
1638893381366743042
1638894380462358529
1638896436564590593
1638896577799507971
1638898848067092481
1638898848067092481
1638899753290289154
1638899885800923137
1638900202386911233
1638900967138639875
1638901994936041472
1638902165837078528
1638903400141037568
1638903404637331459
1638903407757910016
1638903407372288002
1638903406206263297
1638903409452482560
1638903406243856384
1638903412216438785
1638903418566713345
1638903422748598273
1638903944771502088
1638904286774951936
1638904820126949379
1638907590716411906
1638909687264321538
1638909816235249665
1638910453303656453
1638910778152730626
1638911980231880710
1638912182040633346
1638912418137997312
1638912463469961222
1638914371836583937
1638918462935531521
1638918489833439233
1638918498830233601
1638918498276753409
1638918512092794885
1638918510427668480
1638918509911760898
1638918514273812483
1638918520565116929
1638918519181180928
1638919551088721921
1638921077815492612
1638921550484086785
1638923833557102592
1638924555438944256
1638926073923608577
1638927730648514567
1638927908860465152
1638927956125908999
1638929414737018880
1638929414737018880
1638930911357022213
1638930911357022213
1638931879641624578
1638932765860065280
1638933600128172035
1638933603336724481
1638933602686627840
1638933601004961792
1638933612115501056
1638933609695395840
1638933616813129729
1638933621430968323
1638933620067893254
1638933618134327299
1638935822232858625
1638936986349084672
1638937168071770117
1638938769200914433
1638939408492535813
1638942601335169025
1638944554295472130
1638945039379210249
1638945096333680640
1638945686451281922
1638946065792618496
1638946708854800384
1638947729891295234
1638948695906594816
1638948694744506378
1638948693754650628
1638948699412766725
1638948699211440152
1638948697835999232
1638948696581881856
1638948712478064640
1638948713271013378
1638948718434033665
1638949766418538519
1638950239318208512
1638952466375909394
1638952502891810816
1638952500488183842
1638952507027357698
1638953747958079494
1638954483701915674
1638955995119362059
1638956271138119690
1638956817303609399
1638957890370404353
1638958361528922122
1638958730850234370
1638959012233244679
1638959148845989888
1638959148845989888
1638960552167763968
1638961028699398147
1638962476028170240
1638963784088711188
1638963785997381633
1638963791072227336
1638963793815552001
1638963801000124422
1638963804250800132
1638963808806006784
1638963811112853505
1638963813755269120
1638963819559940098
1638965825729167360
1638968249164480513
1638968582053969921
1638969490536017922
1638971018889818144
1638971816164065280
1638972973401927681
1638975770625208323
1638976738930614272
1638978161609175061
1638978200171606026
1638978675910627364
1638978786896252928
1638978903162191872
1638978901715107850
1638978903824912401
1638978910561128449
1638978910829400100
1638978909730492446
1638978916042919937
1638978915409580037
1638978914805600257
1638978919637585920
1638979030937485313
1638980005232357376
1638980905464369152
1638986646971359232
1638986658082181124
1638988345337602052
1638991268289101824
1638991552713486336
1638991581863727120
1638991581863727120
1638992496192626688
1638992862674288640
1638993169890279424
1638993997061410824
1638993999515258881
1638994006779613189
1638994007014494217
1638994013322727445
1638994019664515076
1638994016397324288
1638995356338868256
1638996148882141184
1638996282919518208
1638996680237527040
1638997363837775872
1638998195182383104
1638998251562061835
1638998275251646466
1639000266086436864
1639001563216728080
1639003815780163584
1639004117862416386
1639004531034923009
1639005117390241793
1639006723531849728
1639006723586371586
1639006723301167106
1639009088750100480
1639009088221716480
1639009090201370624
1639009096857796611
1639009098216644615
1639009098875441152
1639009102381580288
1639009105502142466
1639009110019522560
1639009113634926592
1639010672347578368
1639013796000743426
1639014383165616129
1639015364242837504
1639015728392151040
1639018259507757056
1639020997452939265
1639021049206517761
1639022457385283589
1639022558681997315
1639023059876077570
1639024182892679169
1639024182041227265
1639024192950611969
1639024190560030721
1639024195798544385
1639024194359906304
1639024204954873856
1639024204816187396
1639024213049630722
1639024211820941312
1639025424058523650
1639030406405038082
1639030897356984321
1639030897356984321
1639035149651415040
1639036127217852416
1639038915414728707
1639039267702964226
1639039266851282950
1639039266230611968
1639039268214525957
1639039274187366401
1639039280952606720
1639039297629159426
1639039309331464192
1639039313169231872
1639039317078327296
1639039466491846659
1639043254606868480
1639043358655135744
1639043413503881224
1639043413503881224
1639048697261756418
1639054133041741824
1639054143221317633
1639054363242156032
1639054374608437250
1639054382116290562
1639054381134888963
1639054380547833858
1639054389863170048
1639054392606244868
1639054395953360897
1639054412693016576
1639054415830065153
