1640866369469128709
1640871474633244673
1640871627385708546
1640876221138436102
1640878437576605696
1640881409865678849
1640881409773453314
1640881418707320833
1640881415746203650
1640881423962853376
1640881437435125760
1640881437057400832
1640881441369096192
1640881448382234625
1640882987330859009
1640883343666434050
1640883360993013760
1640883979908706305
1640884149463695360
1640889776403259393
1640894463781347328
1640895572889554946
1640896260797521920
1640896509372780546
1640896521527783424
1640896522534494208
1640896528645763072
1640896533838315525
1640896533381148672
1640896542599966722
1640896544923881472
1640897615809372160
1640899026924220416
1640901174617415681
1640907648676798464
1640911560439635968
1640911574423461888
1640911586222292994
1640911602596855808
1640911608032509952
1640911611593658368
1640911613682171905
1640911641796657153
1640911641058455552
1640911649455341572
1640911654052560897
1640915856963293184
1640919800556957696
1640920562477449218
1640920702407639042
1640923381854773250
1640924113853358080
1640924773973733376
1640925833379414016
1640926670843527169
1640926675952353281
1640926677764300800
1640926694797197312
1640926700325203970
1640926701571002368
1640926709368385536
1640926716284510208
1640926723481952259
1640926792574988289
1640926804205776901
1640926802750341120
1640926805627650049
1640926808509120515
1640926806986596354
1640926821079478272
1640926819653386241
1640926817971499010
1640926822799147009
1640926826221690880
1640926830109802496
1640926827769368576
1640927864278355969
1640929881595817984
1640932801544441859
1640938087995047936
1640938256605880320
1640939703489765378
1640939999016173569
1640941770115633152
1640941772959363073
1640941778172796929
1640941788285345792
1640941802202046464
1640941808690634753
1640941816127143937
1640941815229476866
1640941852017963008
1640941851543732226
1640942107090382848
1640944100298874880
1640944100298874880
1640949685840932864
1640952324813103105
1640955682504548353
1640956561878073344
1640956565602566149
1640956889243561984
1640956886936870913
1640956894603821058
1640956904896880642
1640956908650614784
1640956932239376384
1640956939155783683
1640956937436004352
1640956942997766144
1640956946327937024
1640960793549185025
1640961388242780160
1640961793513103360
1640963303244455937
1640966352675504128
1640966352675504128
1640968261771616257
1640969656004669442
1640970201725272065
1640971342433378304
1640972033017409536
1640972036091543552
1640972035190050817
1640972033239531521
1640972039442903041
1640972043922358272
1640972042697682945
1640972043687534593
1640972047621693442
1640972045763616771
1640972225951006720
1640972452812521478
1640974845000273920
1640974877447389184
1640976731652739072
1640978989354287104
1640984869441265665
1640985548457140226
1640987124504592385
1640987126522150919
1640987126484414464
1640987129973964801
1640987134080286723
1640987137909612544
1640987141290221568
1640987149292978177
1640987149351747585
1640987957074034688
1640989597546029057
1640991853964034049
1640995765970518019
1640996680739835904
1640998323661455366
1640999956616978432
1641000774099521536
1641000778386010117
1641002024530526209
1641002213182173184
1641002212699643905
1641002217204318208
1641002216721985536
1641002216239558656
1641002221432193024
1641002226461057025
1641002234262724611
1641002245067079683
1641003530927452160
1641005783176339459
1641005974788923393
1641006886261497856
1641007327162630145
1641007627915210753
1641008928686329857
1641009330685202432
1641009477796151297
1641012281759744000
1641012959580155907
1641012964630183936
1641013427219881985
1641014763575541760
1641014943267930115
1641016235516211201
1641016437220290561
1641017188373917696
1641017306271678467
1641017311766413319
1641017321115320321
1641017324906991617
1641017333618561025
1641017337053585412
1641017335887609857
1641017343080898561
1641017342699380736
1641017340241346560
1641017696253870080
1641017703212236800
1641020789573971969
1641020872126242816
1641020881538371586
1641022269131456517
1641023247293579265
1641025885191958528
1641028211961102337
1641028639205605383
1641028950133555201
1641030345309995009
1641030711476879360
1641030912749056001
1641031785638232069
1641032417950457856
1641032423583391745
1641032428486623239
1641032428763467780
1641032430860500992
1641032431309398016
1641032435273027584
1641032442243850240
1641032439270191112
1641032445578342403
1641035013268357122
1641035499006484483
1641037087959920641
1641038583761973250
1641041248667463681
1641046352040808448
1641046978699366401
1641047171930701824
1641047529637699590
1641047528308178945
1641047531273568261
1641047530766049280
1641047533106483200
1641047532133335043
1641047534800887808
1641047550215049220
1641047548369465350
1641047548516356096
1641048059860733953
1641051650189082625
1641051884491272192
1641054128318328832
1641056339123138563
1641059631429738496
1641062045175955456
1641062624090570758
1641062626380726272
1641062628997955584
1641062627982860288
1641062631820673024
1641062630721740807
1641062630336106499
1641062634899251203
1641062644269424643
1641062903595036678
1641063449470926850
1641063709031165953
1641064065375059974
1641064868219322368
1641065693503447040
1641066179904286722
1641066766762758145
1641067485272178693
1641067684723933184
1641069884292444163
1641070226203607040
1641070283565023232
1641071208295694336
1641071380023091200
1641072121932570627
1641072715401404421
1641074281458151426
1641074630801629184
1641075437823508480
1641076208015122432
1641076241133453314
1641076628917723138
1641076730147348480
1641077445695504384
1641077601480392705
1641077745336606726
1641077743235354624
1641077746162884612
1641077749245943809
1641077748625027074
1641077748549517314
1641079149543530496
1641079149543530496
1641079261451948034
1641080353744977926
1641085766389358592
1641086217767845892
1641086777669611525
1641087062253371394
1641087280898011136
1641087837981536256
1641088333043449862
1641088333043449862
1641088333043449862
1641088388164988931
1641090077018161158
1641090489192513537
1641092037167513600
1641092358325379072
1641092422804316161
1641092819937906688
1641092816997699588
1641092828477509632
1641092827135320066
1641092831711318017
1641092837251981312
1641092842159259648
1641092841588903943
1641092845330223105
1641098754651463681
1641099208538112003
1641099213873324034
1641099218352848897
1641099223511752708
1641099479108530176
1641100512417435648
1641102678154510339
1641103947749380097
1641104917543755776
1641106205379633155
1641106520107630595
1641106646700113922
1641107003853484033
1641107784816009217
1641107807570128901
1641107923198791681
1641107919662923776
1641107927112077314
1641107926067576834
1641107925505589251
1641107943889223680
1641107943390162944
1641107942681333762
1641107948041564166
1641107947563499526
1641107957055209473
1641108688864772096
1641110359586254854
1641111202209353728
1641111870563131393
1641111868117774336
1641111872660291589
1641113099414519824
1641116089584087042
1641117269894868992
1641117284805623822
1641117587198164997
1641119702708625409
1641123020860186626
1641123024098279430
1641123027147538462
1641123023657877510
1641123030901604354
1641123028577976321
1641123032386224144
1641123041907298304
1641123046978359296
1641123048345444353
1641123623787192320
1641125192817860608
1641126068735049728
1641126800574271489
1641126839685988376
1641126855792115737
1641128689185308677
1641128689185308677
1641128910174797839
1641130171418787862
1641132715436015617
1641133857180090393
1641135043471867913
1641136856522735616
1641137977144295424
1641138113865973760
1641138120576860183
1641138120446836742
1641138120258093068
1641138119331266560
1641138125366874114
1641138124892905472
1641138128894165011
1641138147839836161
1641138143834275843
1641138401079357441
1641138400945160197
1641139679519965187
1641139884805980167
1641139953550622724
1641140104210128897
1641142011875950604
1641142485287043081
1641142783921487884
1641144375273988096
1641144752450961412
1641146442273128467
1641146717742456833
1641147690334535682
1641148213267660823
1641148688121593858
1641151715595386913
1641153217726672896
1641153221551898643
1641153226723475459
1641153231983132677
1641153232159363072
1641153231739928576
1641153237599256578
1641153243173486592
1641153242108182544
1641153244876423190
1641157258095591425
1641157558252584961
1641159060845150209
1641159125634564097
1641159419353284641
1641161245892984843
1641161775692357635
1641165604144009216
1641166399937843200
1641166643509223425
1641167111421657088
1641167160981504006
1641167244385452037
1641167919148048386
1641168305976233992
1641168306374598660
1641168325123141639
1641168333901901826
1641168341174763522
1641168338582749186
1641168343683018759
1641168346283376642
1641168345419350016
1641168400159211522
1641169351595241478
1641170318185185283
1641170318185185283
1641176211048022017
1641178598454226944
1641178598454226944
1641183420888875008
1641183419861196801
1641183423363416065
1641183432796512264
1641183441654784000
1641183438987206658
1641183438689509377
1641183438358151168
1641183442590130176
1641185418702909440
1641185952310648832
1641186217965371394
1641188029221031938
1641188059377983488
1641189569256144896
1641190352525590528
1641190824225517568
1641191362954493952
1641192374402514945
1641193317328093185
1641193379513131009
1641193880010866689
1641194213827117057
1641194972299812866
1641195559418568704
1641196169698193411
1641196377739780096
1641197702582091777
1641198515723423746
1641198515928854536
1641198514058272774
1641198517325639683
1641198517149630465
1641198516742545417
1641198523000422401
1641198528088113152
1641198536716066816
1641198538733531136
1641199086216056832
1641199931334737921
1641202006353387520
1641202006353387520
1641202255335419910
1641204927216369665
1641206099305963520
1641207902324117506
1641208009631182853
1641208240401793024
1641208480890511363
1641208779927875584
1641210632417562626
1641213234270158849
1641213611799355393
1641213613464514561
1641213617264644097
1641213621433688064
1641213627788316672
1641213627343708161
1641213627326943235
1641213638496190464
1641213645215485959
1641213642875219968
1641213987873226752
1641215393707573248
1641216422398361600
1641218240461385736
1641221866332323844
1641228675638255616
1641228675206230016
1641228680339890180
1641228677995196417
1641228687272996865
1641228696529911820
1641228706013126657
1641228713848107009
1641228731401240576
1641228744231616512
