1636517819796840449
1636522411028893697
1636525001825239041
1636526267175428103
1636528501795831808
1636529028222861313
1636529533045157888
1636532358714392576
1636532728903651328
1636532732888055812
1636532748696289285
1636532751951179776
1636532757399568387
1636532776722747392
1636532774545895424
1636532776731308032
1636532789263704064
1636532792879116288
1636535935625220096
1636536029120217089
1636541192836923401
1636541626435731457
1636544143018057730
1636544628697583620
1636546252115701760
1636547855916716036
1636547860861964290
1636547862854074369
1636547861780348929
1636547879165915137
1636547880990265345
1636547881107865600
1636547884785991681
1636547890318327808
1636547895309611015
1636551306239434752
1636559414772498433
1636560267545812998
1636562943864352774
1636562952277860352
1636562966618447873
1636562965196423170
1636562973471965185
1636562972876087296
1636562978672713729
1636562977754353664
1636562991847034886
1636562991390023680
1636570162383163393
1636577144833974273
1636577566470356993
1636577964279369731
1636578015357571072
1636578022219452416
1636578027453784064
1636578049776029697
1636578048387473414
1636578053634551808
1636578052627996673
1636578066620383232
1636578091085570054
1636578310212706304
1636592635954491392
1636592899105210368
1636593126528757761
1636593134133035009
1636593146904604672
1636593147542224897
1636593156245315584
1636593178370252800
1636593178030505985
1636593184733028353
1636600228194443264
1636603180447408131
1636608226538946561
1636608226069471233
1636608226274713602
1636608234831364098
1636608253986590721
1636608270033879040
1636608280884662272
1636608279802683392
1636608291009642497
1636608297481453569
1636610817016856576
1636610959727837185
1636615702911107072
1636618169543426048
1636620096134062081
1636623321730088962
1636623348472987648
1636623356492488708
1636623354462605313
1636623362582519808
1636623371336032257
1636623372372123648
1636623370430169090
1636623394157498369
1636623398100160513
1636625142917783556
1636629350673002496
1636630372518887425
1636631079774834689
1636631079774834689
1636631123307511812
1636634893944864775
1636634936798253056
1636635861960802305
1636638295751794690
1636638464052539392
1636638465076137984
1636638476794822656
1636638477239418880
1636638475750371328
1636638474827603969
1636638483170177026
1636638482889056257
1636638486106177536
1636638493136011265
1636638506452910081
1636640665890181121
1636641147094282241
1636642195951304704
1636642505868337215
1636643885697884160
1636645018298380289
1636645545144991744
1636646271472599040
1636647158806982657
1636648076411564032
1636649228230615041
1636653411541065729
1636653566331895809
1636653571486756865
1636653576373121026
1636653574473265152
1636653583989977088
1636653586930180096
1636653586619695104
1636653597499768833
1636653596136681472
1636653596077875200
1636655077036380161
1636656042057539584
1636657074548404224
1636657721574412288
1636660572577054720
1636660886000599040
1636663597194522624
1636664553290252289
1636665277596172289
1636666268362080257
1636666422028902402
1636668665801187329
1636668674395500545
1636668673506115585
1636668680745484288
1636668678484705280
1636668685338247168
1636668691726368768
1636668689515782144
1636668697304788992
1636668973503635457
1636673122010005506
1636677820825972738
1636677966024376323
1636678874368032776
1636678874368032776
1636679057646538753
1636680428915392515
1636680609618878464
1636681597989670913
1636682177961250816
1636683766641881090
1636683771608027138
1636683768609030144
1636683774653022208
1636683772979552256
1636683777991667712
1636683787575738368
1636683792256516098
1636683795935137792
1636683795888762880
1636683882257866752
1636684981509533696
1636687150065254401
1636690123755511809
1636691446081175552
1636692524830957571
1636692524830957571
1636693146720432128
1636693146720432128
1636695963124334592
1636695963124334592
1636695966639112192
1636697453486301184
1636698654147837953
1636698870448095232
1636698867390455809
1636698874441003008
1636698873858080772
1636698872943718400
1636698877016375301
1636698876013838338
1636698883202994176
1636698893806350336
1636698892464013312
1636699769216065538
1636702109570678784
1636708203005194240
1636708470287155201
1636710705595400192
1636711810781806593
1636712779888443392
1636712779888443392
1636713745245417473
1636713965467074560
1636713969296523266
1636713971939004416
1636713977765052417
1636713983150366722
1636713984425328644
1636713983611920384
1636713995204808704
1636713992193277956
1636716326445019136
1636716998435430401
1636718227047718913
1636725759946416130
1636725849012543491
1636726855666376705
1636726899668860928
1636727116275372035
1636729064978358274
1636729063531331584
1636729071013961730
1636729072251203585
1636729076277813250
1636729082946768898
1636729080811778049
1636729086113357826
1636729087615029251
1636729092572676101
1636730420317257728
1636730699506958336
1636731386974572550
1636731586019205121
1636732540487626753
1636742257415008256
1636744168398626816
1636744171607269376
1636744171326144514
1636744177571569665
1636744176585912320
1636744176791429120
1636744181828689922
1636744186316701697
1636744189281988609
1636745446180761601
1636746009756794883
1636746320659587076
1636746559588036610
1636746559588036610
1636747023490719745
1636747867942535176
1636748447230353410
1636748823123959813
1636749122546827266
1636749783799832578
1636750247090069504
1636750332427632640
1636750339381534724
1636750696664924160
1636750759046807554
1636751625237721091
1636752026200682496
1636752660706521088
1636752910439555074
1636753047396270083
1636753337927213061
1636753447356645376
1636753583600443392
1636754715231780866
1636754933167931392
1636755510455152643
1636755620857610241
1636756525044604928
1636758972160958465
1636759284687020034
1636759284108148737
1636759283059572737
1636759282896216064
1636759289598726145
1636759288994512896
1636759286863863810
1636759286268174339
1636759293927256065
1636759290479296514
1636759416807514114
1636759974713114629
1636760441010667522
1636761388713385984
1636763424037257223
1636764247223857153
1636765214094901256
1636766176112984065
1636767786524344320
1636768823394152448
1636770018984706065
1636771769313902592
1636772139671097345
1636773494636552192
1636773866042277905
1636774223447490562
1636774345212149782
1636774353533808641
1636774385640980482
1636774389718085634
1636774387268435990
1636774387079692306
1636774386928631809
1636774388170371072
1636774393740247052
1636774390921674765
1636774390498205696
1636774845735223303
1636775954600148992
1636776467735408641
1636777214875254792
1636777417879461888
1636780650983309342
1636780658398724096
1636780901676752896
1636783006810619924
1636784340766949409
1636784870348161027
1636785602170441729
1636786915025522688
1636787716632485889
1636788065565052930
1636788577605672960
1636789227987030017
1636789456026861571
1636789483965120518
1636789483268866061
1636789482362896386
1636789486532145159
1636789486360330240
1636789485177548802
1636789492622434304
1636789491733254144
1636789491372535808
1636791742405156864
1636791886194016271
1636792478908166144
1636792483173781504
1636792486223032320
1636792559879192576
1636792567147659284
1636792574986813440
1636792600463278080
1636792608528936960
1636792611854745616
1636794395990294528
1636794408736808965
1636794615377592321
1636795234297303040
1636795988517191680
1636796910785941505
1636799430375374876
1636801705915318274
1636801883728642084
1636802195218628624
1636802675827146767
1636803502084063238
1636804579529457692
1636804583946059779
1636804581266169857
1636804586932404249
1636804585988734976
1636804587385651201
1636804588304220160
1636804584671674391
1636804592951517184
1636804591030239250
1636806873490833420
1636809447325544455
1636815676743532555
1636816793367920652
1636817933090299905
1636818095154003968
1636819133571448846
1636819679644663822
1636819684111556608
1636819683683778581
1636819680001179657
1636819686611464193
1636819687488081921
1636819688456896526
1636819691975966720
1636819690331750403
1636823065555288077
1636823219909869582
1636823221621096448
1636825697699151872
1636825697699151872
1636828135613186067
1636829039691218974
1636830355637321731
1636832131111329794
1636832473815416835
1636832473815416835
1636832789461970945
1636834599249518598
1636834783404728320
1636834780946784258
1636834783174209540
1636834782163116032
1636834781425016834
1636834784889503746
1636834785208270849
1636834789301862400
1636834788702035968
1636835908681859074
1636835998603591680
1636836000830726144
1636838859773231105
1636842561808613383
1636844449991991298
1636844730460913665
1636844870634553351
1636845833764184067
1636846232780906496
1636846241203081219
1636847554074759170
1636847863287144450
1636848039229792260
1636849216499712003
1636849862560952322
1636849869057867777
1636849870651772930
1636849870706286594
1636849878759505920
1636849881426870273
1636849880344965120
1636849879187177473
1636849885906366465
1636849888905265154
1636850665140920320
1636854245763710976
1636857545691201537
1636857774360469504
1636863397869527040
1636864960826425344
1636864960734146562
1636864960595734537
1636864966581006339
1636864972394311682
1636864977255505921
1636864974349029376
1636864981940703233
1636864981361647616
1636864978979307521
1636866223173431296
1636867810331619328
1636868060467572737
1636868549552771073
1636868638501396481
1636872387806339073
1636873827903733769
1636876814558588930
1636878080689020929
1636878879032745984
1636879636289159168
1636880064255016960
1636880062308925441
1636880066553446401
1636880073155399681
1636880070454173697
1636880075684556801
1636880080336039939
1636880084115288065
