1636157341035905024
1636164568073347072
1636164672981463040
1636167191551950852
1636170371240951811
1636170370217570306
1636170379197841408
1636170382326546432
1636170389033238528
1636170388014235648
1636170387695497216
1636170393483452416
1636170397942177794
1636170397795209216
1636175393760890880
1636176908529594369
1636177802557898752
1636181871519318017
1636184259454025729
1636184571875151874
1636185492420022274
1636185491945975809
1636185491824361472
1636185495951622148
1636185502641422336
1636185509482360832
1636185507989278722
1636185506936414208
1636185507293003776
1636185510988115969
1636185978674221058
1636185978674221058
1636185978674221058
1636191373819797505
1636192866413449216
1636194112536756225
1636195679319257088
1636200506669379585
1636200512017121285
1636200515586383872
1636200523941421059
1636200530912374784
1636200560322834432
1636200581680476160
1636200581126660096
1636200585052536835
1636200594795839489
1636204810100965376
1636215656432689153
1636215666146709504
1636215672383602693
1636215682835546119
1636215682282004485
1636215681774415872
1636215698514128897
1636215703748395010
1636215711054942208
1636218545775460352
1636218916367204353
1636229530674163712
1636230471020412929
1636230759794233344
1636230762407026688
1636230771118620679
1636230781176803328
1636230783881863171
1636230783579877377
1636230785492725760
1636230795659493376
1636230806669774848
1636243711456604160
1636244767326470145
1636244788793036802
1636245520078307328
1636245859741384706
1636245870474665990
1636245875704975360
1636245879685259264
1636245902279974912
1636245900514213888
1636245906516312064
1636245905656410112
1636245904658165762
1636245904473853953
1636247029763506176
1636247488217661441
1636250011288649731
1636254178069696515
1636260292899352576
1636260946896199683
1636260955234643969
1636260960439607299
1636260964256346112
1636260965791461377
1636260976554135553
1636260985668354048
1636260990189969409
1636260987698397185
1636260997819146241
1636266149192122370
1636270446814298119
1636270950684426240
1636271078401032193
1636272654435991553
1636276073674469379
1636276077944242177
1636276084609110016
1636276081761058816
1636276087385620485
1636276090179035137
1636276100690251776
1636276099054452738
1636276108730540036
1636276107899969537
1636277325921755140
1636277438576570368
1636280058154295302
1636281189563793409
1636287601177927682
1636288258651877377
1636291187563790337
1636291192215465987
1636291191498067968
1636291190441103363
1636291190357397504
1636291201468108800
1636291198292746240
1636291202566828034
1636291209114034179
1636292371993305089
1636295181942046721
1636296968254128129
1636297173812879360
1636298500592771077
1636301219223203842
1636302222756569091
1636302294810599424
1636303768651177987
1636304812277940225
1636305362490912768
1636305367045906438
1636306257689583618
1636306269899202560
1636306278451499011
1636306284260519940
1636306293316263936
1636306304649052162
1636306303806242816
1636306303080382464
1636306302770073602
1636306307627065345
1636306316267274241
1636308095486902273
1636308113845374986
1636308164038516739
1636308985086377984
1636311765528231937
1636312845397704704
1636315965410406400
1636316077276766208
1636316999402897412
1636318531720445952
1636320082778308608
1636320699986894849
1636321218847449089
1636321382467350529
1636321385248178179
1636321384782606340
1636321391615045634
1636321391136980992
1636321389958541313
1636321388511240193
1636321397457952768
1636321401320644610
1636321408853630978
1636321794528358401
1636322043342774272
1636323002743771136
1636323780183339010
1636324732713697281
1636325982536708097
1636326525812236290
1636328164484956165
1636331294685642754
1636331482573680641
1636331693475864577
1636332105612374019
1636332272705064960
1636333505683521539
1636333819140661248
1636334539122384896
1636334634844966912
1636334904504926210
1636335591234195457
1636335682917367808
1636336464018436098
1636336468934139907
1636336468502237184
1636336467713699847
1636336472738476037
1636336475968004097
1636336487259160576
1636336486596354049
1636336483723530242
1636336505424601088
1636336842617528321
1636337032489234435
1636337032489234435
1636340993585823746
1636341095700340738
1636341095700340738
1636341130823446528
1636341589718052864
1636342010855530497
1636343130906669062
1636343309697183745
1636343954785353730
1636344268141785088
1636347100576325632
1636348680625090562
1636351017355816963
1636351295521947651
1636351562317537283
1636351564209344513
1636351569573687296
1636351572841054208
1636351577945436160
1636351579933802502
1636351590553534464
1636351597134376960
1636351596828213248
1636351600129372162
1636351606605094914
1636352378009001984
1636353654356672512
1636359440449372162
1636361609240272898
1636361609240272898
1636361893588631554
1636362890306281472
1636365224021458945
1636366329589510147
1636366685396701184
1636366685392498688
1636366683802845185
1636366687485452288
1636366687137300480
1636366694250848256
1636366696712753152
1636366702173884418
1636366707009658880
1636366706062008324
1636369413950828551
1636369998569701378
1636370124323311623
1636370132867088388
1636370177100251141
1636372521087045637
1636372521087045637
1636372991297847297
1636378570925936643
1636380658124853249
1636380876740370442
1636381657015136257
1636381679085584386
1636381785163706368
1636381790050062339
1636381788305244161
1636381787629944835
1636381791392264192
1636381795443957760
1636381796190539779
1636381802104492032
1636381801676705805
1636381802276487168
1636381805359304713
1636384079154405381
1636384334944026626
1636384779515084800
1636385016698802179
1636386179540193284
1636386221881544704
1636387006904430592
1636387015712464898
1636387759660359682
1636388225400045568
1636389522937380866
1636389625081266182
1636391051530493953
1636391051530493953
1636392560833835010
1636392870059061248
1636394629502488579
1636395052925681670
1636395423186165760
1636396885681266689
1636396884012195841
1636396888415928322
1636396896368607232
1636396896435736580
1636396901938642944
1636396900541767683
1636396903091896320
1636396902949289984
1636396903653949444
1636401599844347905
1636405812212924416
1636406982776090624
1636407490131947522
1636407749146976256
1636408459632558095
1636408496966217728
1636408496966217728
1636409323730636800
1636409323730636800
1636409530342060032
1636409543176634372
1636410338538311682
1636410848590823424
1636411059602079744
1636411530139914240
1636411963839336448
1636411974912475136
1636411973398151196
1636411979249205258
1636411980817874958
1636411978058203136
1636411982399037440
1636411989168734209
1636411991580639233
1636411990578020353
1636414065458266130
1636417379268804642
1636417514992287769
1636419138280390657
1636419138280390657
1636425391731515392
1636426554119995393
1636427072011739137
1636427078424772619
1636427082010861568
1636427080735809537
1636427086184185856
1636427091779436546
1636427089057333250
1636427094183022593
1636427095441063938
1636427102894342161
1636428536406786050
1636428582489563137
1636431218882297868
1636433482946584582
1636434289272209413
1636434599344586753
1636435023665479697
1636435040031653896
1636437003079151617
1636437669017186304
1636438365833707537
1636438431323570190
1636438992420782106
1636441602112536596
1636441843649921060
1636442174391762960
1636442179118960640
1636442177801977857
1636442177797758976
1636442183724150784
1636442183589871641
1636442184252551168
1636442190531657733
1636442189243793421
1636442781571792918
1636443348247429139
1636444362094592023
1636444913553252373
1636445796701708294
1636446073328640016
1636446099031588865
1636446515471196167
1636448078956830720
1636453279990161429
1636453329600389121
1636453706026881024
1636456018975531015
1636456551526330369
1636457269926699008
1636457275047944207
1636457274490101915
1636457276134268936
1636457279414231042
1636457281901436930
1636457288260091904
1636457296187236355
1636457294371102732
1636457292622176256
1636457303045210112
1636459744985489413
1636461627930189854
1636462597624193025
1636465413855780886
1636465652713295872
1636466461848772626
1636468864463585280
1636471826195808260
1636472390489186306
1636472389436407810
1636472395279003648
1636472394243088385
1636472397992787968
1636472396306628608
1636472399481786371
1636472402996518912
1636472401084006412
1636472401021026305
1636476939757314048
1636476939757314048
1636479156308307969
1636479394918137860
1636480137507274752
1636480137507274752
1636480137507274752
1636480137507274752
1636480137507274752
1636480137507274752
1636480137507274752
1636480137507274752
1636480137507274752
1636480137507274752
1636480250199564291
1636480470492884996
1636481954215280640
1636484362647511043
1636486834137038851
1636487473416093697
1636487471050399744
1636487470287138816
1636487478113628166
1636487481116721152
1636487479485186050
1636487487773179905
1636487495809474561
1636487495557828610
1636487499643080707
1636488002905014273
1636489690109837313
1636492289445965824
1636493853602578434
1636495956995891200
1636496349729370115
1636496726298173447
1636498187325194240
1636501689388638213
1636502566350585857
1636502573736767494
1636502573522845703
1636502581882114048
1636502580867084292
1636502584679596032
1636502588756484096
1636502588337143811
1636502593001103360
1636502598957031425
1636502600160772096
1636503193147387904
1636515430071140354
1636517639907581955
1636517656999395329
1636517659264049156
1636517670500675584
1636517687579795461
1636517697956507648
1636517694798274561
1636517700515287040
