1636889045983977472
1636891260949524480
1636895151355314178
1636895149652598784
1636895149274931202
1636895158347218945
1636895158892363776
1636895161136316417
1636895165863395335
1636895165661970436
1636895169546014722
1636895178626826240
1636899203099119621
1636907175619489792
1636907339314872321
1636907807373946884
1636909576493867008
1636910237734010880
1636910243832643585
1636910258537865216
1636910260232368128
1636910280788652032
1636910277479260160
1636910282978066432
1636910286308294657
1636910285544890371
1636912396047458311
1636917894171750400
1636917915701112833
1636920351039823874
1636921049748066304
1636925329745772544
1636925330656223232
1636925338423885825
1636925337656238124
1636925344711159811
1636925344216227845
1636925353095745536
1636925376130588672
1636925381033750530
1636931936085061632
1636937148770156544
1636937725218811904
1636937890092441600
1636938620484599808
1636940039547658240
1636940445237522433
1636940443588894722
1636940448290820096
1636940452279595008
1636940458906583040
1636940455974785026
1636940469245734913
1636940475130171394
1636940478728863744
1636940487696236547
1636940945471033345
1636943169387626496
1636943486208577536
1636949417113817091
1636953590739656706
1636955133631246336
1636955548930252800
1636955548519366656
1636955562947616769
1636955562876489729
1636955564000395264
1636955572070121472
1636955579339149314
1636955580291067904
1636964624024190976
1636965919623725056
1636970253669236739
1636970662119047169
1636970661137592321
1636970664128311296
1636970670436364294
1636970668658130945
1636970666640707584
1636970677512142849
1636970677088518145
1636970676484550656
1636970687251243011
1636976318599528448
1636978702985699328
1636980080173019136
1636980080173019136
1636980080173019136
1636980766155366400
1636980982958940160
1636981224722907136
1636981352422580224
1636981641632690176
1636981671814651908
1636982872715165696
1636982931112468480
1636984709195476992
1636985583254773761
1636985761198112768
1636985759482642433
1636985764704657408
1636985763513475072
1636985773198131201
1636985775790096385
1636985774846652416
1636985782081576965
1636985781167484933
1636985783675494401
1636985788725600256
1636986545231089665
1636987398507700224
1636988494437314562
1636991530052329472
1636991614756298752
1636993476968566785
1636994538530275333
1636994738950901761
1636997479702073344
1636997503819063296
1636998186089984003
1636999180290867201
1637000173531324418
1637000861212717056
1637000860910645248
1637000859849752576
1637000866703048704
1637000865922916356
1637000873162203136
1637000877696319489
1637000877625188352
1637000877104848898
1637000879688564736
1637000884214431744
1637002357958483969
1637004382834139137
1637005354776297472
1637010111414632448
1637010111414632448
1637011041728049157
1637013911021969408
1637014006106927108
1637014892136759297
1637015108713938945
1637015703428407299
1637015765923557376
1637015891681370112
1637015974301016064
1637015976955789312
1637015976574058496
1637015976549011458
1637015976469471238
1637015973633875968
1637015977907957762
1637015982395867138
1637015984618741761
1637015982530076676
1637016746153443328
1637017313894445060
1637021521335001090
1637022343762460673
1637022877231792128
1637022885951750145
1637023698304507906
1637023860871528448
1637026156447768585
1637027317569470465
1637028332989566976
1637028561260359682
1637029048684617728
1637030627319898112
1637030626539839488
1637031057743659011
1637031057374453761
1637031068032172032
1637031066341986306
1637031064689426432
1637031064630689793
1637031073216626688
1637031078157250560
1637031084851339266
1637031083748347906
1637031600008429570
1637033253155618816
1637034060382912518
1637036164958892033
1637041910543007744
1637042289582243840
1637042591790256128
1637046169971949571
1637046170831732736
1637046173889437698
1637046173579063297
1637046172568420353
1637046176791887872
1637046179270672384
1637046178130055168
1637046177764982786
1637046184454811649
1637047266954428418
1637047708736208897
1637048046465720324
1637049328932999168
1637049743737081857
1637049961815654401
1637049981277274112
1637052438342430720
1637052739384406017
1637052739384406017
1637053336984715266
1637056033565687810
1637060576315682818
1637060874102796289
1637061025219375111
1637061025118797824
1637061230933180417
1637061256879243275
1637061263338487811
1637061262600454144
1637061267474075649
1637061271315968001
1637061275921395712
1637061274499522560
1637061278840619015
1637061282577764360
1637061282267275264
1637061503021989890
1637061640796397569
1637062180204937218
1637064767566168067
1637065866683781120
1637066113220526080
1637067618614951939
1637067618614951939
1637068521212461057
1637068836288569344
1637070958409179136
1637074176677752832
1637076168036712448
1637076372366454787
1637076374207844353
1637076372194566146
1637076371611561988
1637076376799813632
1637076376451727360
1637076383242539008
1637076382474727426
1637076381908467712
1637076381594193921
1637076388233478152
1637077757862744064
1637078929147133952
1637079524130140160
1637079717315506176
1637080004126228482
1637081160546398211
1637081707806425089
1637082195603992576
1637083831273500674
1637084353904758786
1637091460041555974
1637091459185754119
1637091458392944642
1637091464583827457
1637091463753355267
1637091463187111939
1637091468291571714
1637091474591424513
1637091473555353602
1637091575606935553
1637094236691521537
1637095837175037954
1637096909944004608
1637098078879588352
1637101174972088321
1637101712069607425
1637103391955464193
1637104183114383361
1637105106977013761
1637105615678873601
1637105860563402753
1637106557522518017
1637106556478144512
1637106565659639810
1637106563776380928
1637106562765402115
1637106562035589120
1637106568977166336
1637106571468472321
1637106577776730114
1637106575600136192
1637106879573774337
1637108089181618177
1637108137286160384
1637109663413026817
1637111450564186112
1637113775437250561
1637115452856868864
1637116077049036801
1637119833497010177
1637120049499578368
1637120424134705155
1637120525032992771
1637120638174261249
1637120827660419074
1637121452393594882
1637121659411857408
1637121664302436354
1637121664675639302
1637121666236010497
1637121672628019200
1637121670828662786
1637121669939752960
1637121675178426368
1637121678688886788
1637121680026771462
1637127105279344641
1637131396492808194
1637134893535592449
1637136759661182976
1637136762429403139
1637136764132372480
1637136765520687105
1637136771208163330
1637136774869794816
1637136777382178818
1637136775729520643
1637136779101757441
1637136778262921217
1637136818675105798
1637137712237912066
1637138652206702592
1637141069434322944
1637141214565638144
1637143434745229312
1637144593794826241
1637145957924995074
1637145986630819844
1637148603658514435
1637148766774996995
1637150362581778432
1637151054314852353
1637151555299278851
1637151695191920641
1637151850611761153
1637151855632416770
1637151858287321089
1637151860871286784
1637151866482982914
1637151866483269634
1637151872170467330
1637151875563679746
1637151875362430979
1637151879720230912
1637152052672430082
1637152888542642177
1637152888542642177
1637153681471668224
1637156815006846980
1637158330924687360
1637159154069512194
1637159263318450178
1637160418903728130
1637161096032276480
1637161838788870146
1637166963964231680
1637166963884539908
1637166962605268993
1637166966581641216
1637166964966674432
1637166971966849026
1637166975674662915
1637166975838240773
1637166973904908289
1637166980888231939
1637168218950320130
1637171198516686849
1637173096695189508
1637173488124395520
1637179731962413057
1637179836153069573
1637180026503274498
1637180460915650561
1637181957858639873
1637182046773575681
1637182050229800961
1637182063018164224
1637182062510604288
1637182062145748993
1637182061453926400
1637182065912291330
1637182069334736902
1637182074028163074
1637186541662400514
1637190055063109632
1637191062082011136
1637191131233505281
1637193062685483008
1637193455280553984
1637194497678344194
1637194680566792193
1637197006312439809
1637197148444827648
1637197147765452800
1637197154732195843
1637197156854398979
1637197164039360512
1637197172977410049
1637197179290013696
1637197179046469639
1637197176387272713
1637198988037218306
1637205524776091648
1637205956932034560
1637206080802508802
1637208497992376322
1637209436828893184
1637212257103888385
1637212257942683649
1637212269103677446
1637212268013158401
1637212267505745923
1637212272065130497
1637212273662894080
1637212272555687939
1637212278591201285
1637212275458166784
1637214036101332993
1637214921283760128
1637215125345124355
1637222413619412993
1637225720320610305
1637227007066124288
1637227341708492804
1637227345332379648
1637227350030000128
1637227357705752576
1637227361329643520
1637227360851312643
1637227360050360320
1637227361015062528
1637227369256607751
1637227375267028994
1637230789980213249
1637230789980213249
1637230789980213249
1637233412959264771
1637233412959264771
1637240214166056960
1637241864641183744
1637242447905398787
1637242450178654208
1637242461608091649
1637242461440598017
1637242464149950465
1637242465156583425
1637242468189224960
1637242467614588928
1637242466150612993
1637242470768472064
