1641230171360329728
1641230215081762819
1641235735222132736
1641237338121465856
1641237338121465856
1641241241265360896
1641242976625065985
1641243403403816965
1641243792580681728
1641243801678217216
1641243808376537089
1641243809152655360
1641243809039241218
1641243818790879233
1641243815410384897
1641243827460620289
1641246332517064705
1641250863778869248
1641251850383945728
1641253612545343489
1641254625797087234
1641256380299464707
1641258845967187969
1641258845627613184
1641258855165308928
1641258874375118848
1641258880586985473
1641258877684523009
1641258883191545856
1641258897641209856
1641258895187345409
1641258934026612739
1641269265058906112
1641269803414323201
1641273088200572930
1641273236779331585
1641273994144776193
1641273999819780099
1641273999022776323
1641273998792175617
1641274015590260738
1641274022087348229
1641274025828814850
1641274024167632896
1641274030773903360
1641274036066852864
1641280153660563456
1641280539410702337
1641282428776972289
1641287390995070976
1641289080703967232
1641289085015715847
1641289098487816194
1641289098412589056
1641289125536968710
1641289134449864705
1641289137985552384
1641289141974634496
1641289140753821698
1641290096874778624
1641290386986479617
1641290902856400896
1641292486172712961
1641295804894789633
1641298563383558144
1641302218585387009
1641304190096900102
1641304195725684736
1641304198116417536
1641304203963318274
1641304214126182400
1641304222502199298
1641304226310787073
1641304230093791237
1641304234288115712
1641305513500499968
1641307793247596544
1641307793247596544
1641308509697368065
1641310171908513792
1641310957426073600
1641310976975806465
1641314607754096641
1641315421553844226
1641315532732346369
1641315726823944192
1641315756964028416
1641316060631580679
1641316635788075009
1641317155135209476
1641318541830901760
1641319307123515393
1641319306192379904
1641319310332252160
1641319316984418305
1641319322797629441
1641319322642530305
1641319329114275843
1641319335443456002
1641319341286379521
1641319647994585089
1641320066951118848
1641320518463762432
1641320809863200771
1641321705862754304
1641321882556280832
1641324918259306496
1641325472188358657
1641326712632877056
1641327761380745217
1641330307176583170
1641330970853879810
1641331849049047040
1641333216765263872
1641333911090233350
1641334104707694593
1641334406114680834
1641334405749694464
1641334409314856961
1641334410568933376
1641334415983882240
1641334419414986752
1641334426125705216
1641334432916291585
1641334437882339330
1641334684947734529
1641335247643049989
1641336119156506632
1641336759991558146
1641337306228326402
1641338061471592449
1641339491485884419
1641340232623595521
1641340392556617728
1641341488629174273
1641341948270182400
1641343030073458689
1641345125300293640
1641347775785840640
1641348054417653769
1641348710494765056
1641348801695711233
1641349510495436803
1641349514190618624
1641349519119114240
1641349517651087360
1641349527247437825
1641349525326667776
1641349533773754368
1641349533010391046
1641349538173820929
1641349537922007041
1641350219760541697
1641351440328163328
1641351730452471811
1641352448668303362
1641353322480259074
1641355368956657665
1641357530864418816
1641358890439778306
1641358988804517888
1641359926135062529
1641363376755339264
1641363395000647681
1641364588774973442
1641364595242672128
1641364605845794817
1641364610203930624
1641364613429067777
1641364615270391810
1641364631586258946
1641364640268427264
1641364637387038721
1641365079873421316
1641366290722856960
1641366667652374528
1641368865929060352
1641368941963407360
1641370681110560768
1641371010854182915
1641371083310759936
1641377598721736706
1641378173043593217
1641379703859683328
1641379710050418691
1641379708947296258
1641379706392961026
1641379712911159297
1641379722876661761
1641379721161089027
1641379720821342209
1641379735522639874
1641379742849941506
1641380407345135618
1641380496172253186
1641380723939524610
1641380953799925762
1641381002881761281
1641381688243630082
1641382599380672513
1641382880931880961
1641383190550945793
1641383348521115649
1641384365597794307
1641384510209007617
1641389123733794817
1641389352428118016
1641389800300109824
1641390047076204544
1641390902328590337
1641392639063777284
1641392703962247170
1641392958854365184
1641393016295378944
1641394802515230722
1641394808928321536
1641394805950279682
1641394825944604676
1641394830889857024
1641394830122299392
1641394827001491461
1641394834601652224
1641394838963666946
1641395755830091777
1641396171888271365
1641397369072697346
1641400047588737025
1641403202594648064
1641403207220903937
1641404269818519554
1641405100059947010
1641406008936345601
1641409367978156034
1641409891955769344
1641409895231549441
1641409898205290496
1641409904689782785
1641409901724422144
1641409911656415233
1641409910301761538
1641409917809467392
1641409925221081091
1641409926370082818
1641409931940118529
1641409943709286400
1641409945009799170
1641412116556009473
1641412491207909377
1641413260275589121
1641413576949735424
1641414224273371138
1641415060303011844
1641416628553351169
1641417055306932224
1641419302325682177
1641422531511955456
1641423052645826561
1641424999830413312
1641425000807661568
1641425006117916672
1641425005173956609
1641425004830113795
1641425014267297797
1641425020818800641
1641425018964922368
1641425032504041475
1641425037541490692
1641427887847817218
1641428803263004673
1641429446107488256
1641440115028529173
1641440117708697607
1641440118010683399
1641440122720911363
1641440126944542720
1641440126848102402
1641440131507953671
1641440130958491649
1641440132497809409
1641440137262538756
1641445112818597890
1641445426464423939
1641445937737535494
1641447480532533251
1641449790440370176
1641453672835219466
1641453885981335565
1641455207912706050
1641455213512130560
1641455217211490305
1641455217144401929
1641455227424391168
1641455227420409856
1641455236148785154
1641455236001980418
1641455422078078979
1641456241343102979
1641456522919124992
1641456522919124992
1641456522919124992
1641456522919124992
1641458531818950657
1641459715006939138
1641460001918124035
1641460007865597953
1641460679856230400
1641461122032099329
1641462387235749888
1641462835799629826
1641463990000799746
1641466843448631297
1641470313111392256
1641470312410644480
1641470317708075010
1641470316340826114
1641470322699321344
1641470320199573506
1641470327807963136
1641470326503612417
1641470327623393281
1641470331452895232
1641471262416416770
1641471813925453832
1641472553016279042
1641473675810557952
1641473760053063681
1641475886858874881
1641478287745593353
1641478310172536834
1641479597488320514
1641480716142927873
1641481639208386561
1641481662361128960
1641483433204494362
1641484591138582541
1641484902192369664
1641485401599750155
1641485400953827331
1641485403025813511
1641485415067660295
1641485418192416791
1641485422835507201
1641485421564633089
1641485425763135505
1641485430070685706
1641485759612956689
1641486196722348033
1641489479251767296
1641491777470230528
1641492826331525144
1641492935614115865
1641493228242321408
1641495289038004230
1641495461553922076
1641496039537377280
1641496478513242113
1641497334696607744
1641498107086004232
1641498224950140933
1641498318273490944
1641498473877962753
1641498706896723969
1641499064268214274
1641499408717037568
1641499805204529155
1641500497503739925
1641500498783264768
1641500505057767425
1641500509671657472
1641500517426774018
1641500520966676481
1641500523797925888
1641500535135035415
1641500729155149826
1641501202180448257
1641501292097929219
1641503468702556173
1641503950519033881
1641504345375100928
1641504345375100928
1641505406315814913
1641507407896428545
1641508196522299393
1641508245448581132
1641508245448581132
1641508433240248322
1641509018685276161
1641510029168631809
1641510388930863107
1641510499425607683
1641510595336757260
1641510695878418432
1641510931896098825
1641511742143356931
1641512032036872209
1641513870102519817
1641514415978602508
1641515607639089168
1641515607559397404
1641515610419912713
1641515612705808428
1641515611523280896
1641515616161914893
1641515615524380672
1641515621312520193
1641515633077567488
1641516020174037016
1641522439262707723
1641523363519578113
1641523594885734421
1641523594885734421
1641525348402601996
1641526491136622593
1641528235396571146
1641528434424684550
1641529519335940117
1641530704633667610
1641530709046075397
1641530707192193030
1641530707183902721
1641530715165564928
1641530718948827160
1641530721948045312
1641530730168692736
1641530728591532042
1641530732815286272
1641531293690109979
1641531390570143745
1641531456832024577
1641534185247481874
1641534510956437504
1641535134342979603
1641536121480921088
1641538053306044422
1641538149217099779
1641539642024660993
1641540100570882049
1641541056272498690
1641545342851203074
1641545812948791296
1641545811816325121
1641545811745021953
1641545814148259840
1641545821358309379
1641545829717536768
1641545826664161280
1641545827138285568
1641545833442320384
1641545830392909825
1641546168122343425
1641548195929939976
1641549101320871937
1641550487932551168
1641551124300742656
1641553141966553088
1641553471005401092
1641554898427813891
1641555802216452100
1641556930920325120
1641557854980124674
1641557915910766595
1641558139848753155
1641558442547507200
1641558504971313155
1641558507726991360
1641558510054920194
1641559568818790400
1641560146089320450
1641560905103167493
1641560908013920256
1641560904717447168
1641560911239581699
1641560917442719750
1641560923214159872
1641560922190643202
1641560923788697600
1641560929304289280
1641560930881339395
1641561547926388736
1641565138921701379
1641567670440189952
1641573081335439361
1641574001934757889
1641575977989066752
1641575981680037891
1641575979364540416
1641575995009564674
1641576012239761408
1641576008628285441
1641576024256270342
1641576022796533762
1641576030082146306
1641581618727903232
1641587710124240899
1641590057394921472
1641591070638350336
1641591070487375872
1641591072894885888
1641591082134781952
1641591088422035456
1641591092398227456
1641591091890900992
1641591126103556098
1641591129283104768
