1639055188211138560
1639059254521806849
1639059578536198144
1639062435817746432
1639062552717197313
1639063782545854465
1639064125148917761
1639064138042290178
1639067255987228674
1639069443622936576
1639069455509766145
1639069458462302208
1639069454909710337
1639069464334352384
1639069483200577536
1639069497075314689
1639069496295178241
1639069512585695233
1639069512451629059
1639070578769555456
1639071227565293572
1639074438837837825
1639074893370396673
1639077193220345856
1639079351139328001
1639080089131548672
1639082107522924544
1639084560100081664
1639084563694583815
1639084567775662081
1639084573090025472
1639084571504287746
1639084583109943297
1639084580283068416
1639084585110609927
1639084583999373314
1639084612235272193
1639088168187342848
1639091971557056512
1639092017878949889
1639092293083836417
1639092424826929157
1639096124022874112
1639096736944918529
1639099644499341313
1639099646382407680
1639099651688402944
1639099660462698497
1639099664791371776
1639099673687334913
1639099683317399552
1639099693065027586
1639099695686635521
1639100770909044738
1639103504932274181
1639107149010796544
1639113825386389504
1639114758803578881
1639114757394296833
1639114764470087680
1639114767771090944
1639114772766679040
1639114793301991425
1639114797978451970
1639114799521968133
1639114807340335107
1639114810884235266
1639114866819571712
1639117428151189504
1639122180683472896
1639123561796501506
1639125699381325827
1639125704896831489
1639126551865303041
1639127698697224192
1639129875322920966
1639129877453389824
1639129879814782977
1639129883711352834
1639129882461622272
1639129889780449281
1639129887532535809
1639129886081286144
1639129893542809600
1639129899012333569
1639131716412489729
1639134171342966784
1639135896577646593
1639143305563852801
1639144980773064705
1639144983772139520
1639144997059543041
1639145009571336195
1639145008745033728
1639145007243227137
1639145007679434755
1639145007235104769
1639145014642245635
1639145010514784256
1639145244863217665
1639146366709428224
1639146518790668291
1639147519648350208
1639147816596512775
1639148185276010499
1639148582170238977
1639149309399814144
1639149998653800448
1639153395817668610
1639155627560693760
1639155669554327552
1639155778694135808
1639155942343454721
1639157139754328064
1639157745218727937
1639159247924776965
1639159405865320448
1639159553987080194
1639159799156981760
1639160082998112257
1639160080645107715
1639160090329481217
1639160089327329282
1639160100526096384
1639160099242487813
1639160106289102848
1639160112769114113
1639163151726915584
1639164393127649283
1639164408441241600
1639164839376429063
1639165167908065281
1639166515969761282
1639170428206759937
1639175033078665217
1639175183259820033
1639175180592226304
1639175188414865408
1639175185944268801
1639175195230453760
1639175197021306881
1639175203422109697
1639175208585031682
1639175207486095366
1639175212993478658
1639176277440462850
1639178196808617984
1639178860355809281
1639180076800409600
1639180188339564545
1639180369923649536
1639180620101480455
1639182997655093248
1639183605984272384
1639185037328359425
1639185258561118209
1639185279650070534
1639187325287641089
1639187653685035012
1639187797469966337
1639187847470276608
1639189119350833153
1639189660109774848
1639190292644470785
1639190292518563840
1639190296012509185
1639190296675209216
1639190299745435648
1639190302354456577
1639190305856532482
1639190311338651651
1639190310646603776
1639191174249607168
1639193591028518913
1639193742467801088
1639194800833327105
1639194935936053249
1639195836361105409
1639195899338579970
1639198499957866496
1639198792711798786
1639200059383508992
1639202218711588865
1639203715335995398
1639203715335995398
1639205358068703232
1639205357460533248
1639205358899015680
1639205374048739328
1639205385629212672
1639205396027150342
1639205408865697792
1639205932260368386
1639206550551273472
1639206906786103296
1639210180360433664
1639210322312458242
1639211792990625793
1639212524322140160
1639213460717449216
1639213685553135617
1639214732371697665
1639215077378211841
1639215559555584000
1639218637658550273
1639218909357420547
1639220479176187907
1639220484859482113
1639220486453227522
1639220488340742144
1639220498423767041
1639220498298212355
1639220496389513218
1639220504547532801
1639220507114446848
1639220511069597699
1639220782445494274
1639221242682126336
1639221789019570176
1639223281059233794
1639226389164621825
1639227398548750337
1639228414778302465
1639229693626023936
1639231176626896896
1639231858843037698
1639232348175892480
1639234884739661826
1639235588019699712
1639235594533601280
1639235593971400704
1639235593811947522
1639235600523104260
1639235600560562179
1639235606646489088
1639235609389842432
1639235608546619394
1639236419552964609
1639237180370370561
1639237946015637506
1639239507898933249
1639242068647092224
1639244877161480192
1639247487809601536
1639247841020223492
1639248725938765824
1639249013697331202
1639249019309555714
1639249019309555714
1639249066583547912
1639249304287318016
1639249727253274625
1639250159233298433
1639250677359685634
1639250680434008067
1639250689657389056
1639250692228665344
1639250696582070275
1639250702747807746
1639250698616569856
1639250704194760704
1639250703968239619
1639250709786013696
1639250722729369600
1639250729570557952
1639250963998408704
1639251835289587721
1639251918672531456
1639252522702340097
1639255988157964289
1639256997244829697
1639256997244829697
1639256997244829697
1639256997244829697
1639256997244829697
1639257595113357316
1639258415020011524
1639259315272916995
1639259758120108034
1639260537514065921
1639261208711708674
1639262360538869760
1639262360538869760
1639265785460736000
1639265789520891905
1639265788287746048
1639265793253810184
1639265790045089795
1639265800795172866
1639265800321105920
1639265809691230208
1639265809452212227
1639266135496351746
1639267639179591683
1639267836529893377
1639268263161888769
1639270917179097094
1639270969230471170
1639271027715784714
1639271029934546944
1639271029934546944
1639273343152013313
1639273362659717120
1639276137212784648
1639277465729220612
1639278457011011589
1639278456713166851
1639280011440975876
1639280850603855881
1639280875912175622
1639280880190468097
1639280883369668608
1639280887878545413
1639280891263344641
1639280897126965251
1639280896934043649
1639280900146974721
1639280908992692227
1639280926432837632
1639280988088877064
1639281052995801098
1639281645281787907
1639281682015502337
1639282622416207873
1639286308227915784
1639287058270224389
1639290181055401987
1639290445909098498
1639294783360212992
1639294937203195908
1639295975247482881
1639295984449593344
1639295992733351941
1639295990350880768
1639295994570440705
1639295994297712651
1639296000904036357
1639295998177714176
1639296009086935040
1639296188514967553
1639296300889051139
1639297180916654081
1639298837645754368
1639299183621414914
1639300564159791104
1639304089396707332
1639304616159461376
1639305552533626880
1639306468196335616
1639306729774260225
1639308584688185345
1639310387655897089
1639310694108794880
1639311085512839168
1639311091800084480
1639311088352215058
1639311094723538945
1639311093171470340
1639311094035496979
1639311107067199505
1639311105213317134
1639311104982540291
1639311107256115200
1639314130153750546
1639315008415842315
1639315291560722445
1639315980236079118
1639318831377137676
1639319444064288795
1639319663174615048
1639320151077027860
1639321125552259089
1639322393901400071
1639324976955129858
1639325768755838991
1639326112239976448
1639326185539633154
1639326183878807552
1639326197984243719
1639326196268662785
1639326204124712960
1639326202006585344
1639326201406971904
1639326205391302659
1639326205374496778
1639326204938289159
1639326223867183111
1639326587542700035
1639327455239446528
1639327626983530497
1639327626983530497
1639331158784872448
1639331253487796240
1639331267274588162
1639331796642058240
1639334001696440324
1639334138359447571
1639334347873320967
1639335056287072278
1639336125872340999
1639337940907065345
1639337940907065345
1639339448297979939
1639340006543065105
1639340422198870017
1639340558425391130
1639341282303565838
1639341291333902341
1639341288754405393
1639341293124952064
1639341292550250498
1639341299579904011
1639341296509673489
1639341302432030747
1639341300259627008
1639341307347755024
1639341742783619095
1639341742783619095
1639341812513923110
1639342585268297740
1639342722048745478
1639342943344418830
1639344169469501454
1639347146104135688
1639347536866471937
1639349034035949574
1639350597877989377
1639353143560396825
1639353143560396825
1639353143560396825
1639354584064745476
1639356374051061760
1639356378232807426
1639356388051673108
1639356394213105665
1639356393974030357
1639356396268314638
1639356395295236104
1639356407102439424
1639356669456179200
1639361268187291652
1639361534609481736
1639367772550361091
1639371261456293890
1639371479358795783
1639371482668097536
1639371482567524352
1639371482072596487
1639371489144176642
1639371492080390145
1639371491253813253
1639371505741053953
1639371502930874369
1639372422263590912
1639373453558968320
1639373459149971459
1639377199210823682
1639377541868797954
1639378062541217792
1639380857776480256
1639382848053362689
1639384679936655362
1639386154473766912
1639386574709202945
1639386584960180224
1639386588185493504
1639386586369474561
1639386591192920067
1639386599812202496
1639386599484948483
1639386605218660353
1639386602785972225
1639386725750284291
1639389602870861824
1639390387759398912
1639393057157120001
1639396016515428354
1639396459333156864
1639401667517898752
1639401676695011331
1639401681942200321
1639401687621459969
1639401696920227840
1639401701814706176
1639401699428433920
1639402497751101440
1639404646874611717
1639408428543008769
1639411649873580032
1639413569493032962
1639414941856702468
1639416721437081600
1639416726969360390
1639416743641640966
1639416752554508288
1639416764793597953
1639416770275467267
1639416789023989760
1639416804891033601
